 319 178 137 277 409 168 93 360 360 235 59 98 379 138 87 316 257 430 303 58 179 123 48 247 334 375 245 45 14 488 2 173 129 342 437 62 405 453 461 493 225 320 478 443 332 441 197 78 151 63 36 341 224 482 185 199 372 470 71 5 418 318 269 203 448 158 278 284 410 127 29 365 453 306 381 364 46 427 475 133 214 275 427 337 120 457 237 489 33 21 202 25 263 466 17 498 313 405 85 472
 34 129 435 88 473 421 97 33 232 116 447 261 31 43 169 483 410 376 376 98 177 410 456 69 81 65 186 89 52 23 427 310 489 443 117 206 40 161 168 242 10 142 3 246 442 306 8 139 11 379 70 438 190 176 370 220 310 449 120 49 52 381 354 30 162 133 377 266 435 147 123 98 374 383 101 107 310 128 70 480 283 419 191 193 477 55 196 184 301 305 191 346 154 310 172 287 82 40 353 89
 425 230 439 366 489 62 332 369 255 38 266 108 421 259 408 51 205 212 367 15 4 394 372 291 26 266 328 91 417 84 244 464 72 118 306 198 166 448 48 61 227 491 383 437 298 439 451 400 327 470 333 158 84 222 465 94 323 206 254 300 10 459 118 412 493 20 98 330 351 352 273 140 123 371 499 40 229 348 189 167 58 117 460 177 308 176 143 37 29 440 133 395 77 211 339 232 262 35 205 350
 400 398 22 377 442 223 101 305 99 149 287 481 168 102 327 219 352 384 107 337 81 247 295 244 475 123 407 419 279 459 165 1 346 23 485 239 130 53 429 312 235 50 275 242 149 32 229 90 34 55 191 482 475 96 319 66 236 364 350 240 431 17 301 149 289 205 378 233 195 32 367 188 374 108 251 86 54 247 448 444 112 208 297 428 498 121 1 471 31 73 100 200 435 324 313 472 76 471 283 300
 206 21 355 219 356 386 141 117 459 212 211 22 414 407 424 439 195 381 317 381 173 274 117 39 459 496 420 307 123 190 349 420 415 10 209 39 232 260 475 478 195 353 426 256 249 261 403 174 97 365 496 377 149 463 461 269 498 273 292 378 60 244 92 273 169 486 497 173 390 455 380 246 119 261 485 125 28 189 132 102 65 23 176 159 284 21 292 334 304 360 44 456 348 92 324 347 340 97 236 460
 164 434 280 305 378 485 32 499 305 191 106 159 215 165 482 46 114 103 103 217 386 84 276 274 130 470 458 25 22 384 424 434 487 277 235 203 377 203 87 132 73 311 421 285 418 367 22 444 46 373 216 372 44 42 0 77 220 463 4 36 364 118 474 173 242 73 64 332 44 322 458 365 434 102 237 424 70 59 353 411 396 380 289 289 369 185 17 67 306 430 308 272 45 464 319 415 447 488 261 479
 98 410 365 194 164 231 314 451 397 407 209 92 122 411 308 393 174 161 269 32 217 43 276 165 495 280 69 246 226 4 114 206 15 464 12 199 143 143 12 319 72 235 312 287 317 102 131 111 330 82 185 78 189 19 186 115 438 356 286 142 416 109 473 111 296 139 320 347 229 93 487 144 66 257 96 112 488 366 176 145 2 185 409 268 133 153 376 257 391 407 12 165 457 406 59 459 465 56 387 192
 85 381 263 350 404 459 215 339 312 426 161 161 342 437 302 213 30 17 20 269 322 346 241 30 196 275 192 89 337 493 67 440 117 387 196 329 337 413 268 359 308 86 473 100 25 198 170 182 375 264 157 489 294 476 448 268 390 372 220 239 485 428 390 152 34 0 439 441 439 189 303 149 202 159 492 334 288 293 271 27 197 89 123 334 128 65 289 336 202 470 396 487 237 497 106 8 291 223 314 49
 274 217 119 73 58 303 270 275 86 437 111 487 3 464 122 151 363 310 136 274 401 348 498 311 480 30 445 307 144 300 139 290 431 192 430 383 421 457 387 71 435 42 380 424 174 477 154 294 404 298 113 241 198 366 176 261 90 21 321 203 331 92 132 268 22 167 431 146 403 366 23 105 377 485 481 48 230 225 355 385 375 349 220 251 446 393 176 321 4 157 361 466 422 466 43 323 450 425 302 356
 59 92 458 266 206 497 266 192 330 347 425 249 155 175 281 238 136 180 276 249 414 55 177 257 201 370 22 30 144 374 403 319 318 6 36 410 10 310 71 76 311 100 128 482 184 417 460 455 402 219 155 267 35 258 328 88 289 297 251 7 19 154 311 268 52 24 469 165 134 280 447 272 416 246 96 416 427 446 245 274 281 83 20 141 340 238 324 322 481 50 277 68 320 66 316 483 467 339 265 359
 214 496 396 204 226 95 294 119 336 259 232 455 223 387 485 333 360 396 156 481 483 245 480 498 243 337 427 400 218 490 301 359 373 205 97 183 264 35 248 394 422 278 73 342 48 59 153 312 116 58 497 167 136 6 36 157 311 355 332 110 327 330 15 3 63 48 251 142 231 264 319 318 454 161 65 202 19 339 300 281 420 18 1 373 194 74 25 300 73 241 240 218 495 449 181 361 458 164 236 133
 163 260 4 167 223 188 486 120 237 244 498 182 339 424 309 175 13 232 323 261 332 238 1 325 293 325 205 10 287 49 381 24 39 79 93 489 46 101 66 68 14 137 419 493 269 423 205 305 161 273 370 34 148 54 489 273 470 173 25 29 273 431 266 375 211 319 212 336 31 306 283 370 497 427 299 359 291 55 261 114 308 68 10 192 411 58 486 134 377 58 443 200 462 199 384 61 173 394 352 191
 41 135 31 6 46 261 474 232 349 56 194 272 305 337 347 471 459 313 262 494 79 319 329 341 122 168 209 347 126 492 32 348 429 382 417 3 127 207 381 32 338 91 470 101 102 308 121 147 460 311 68 395 475 144 150 473 82 118 434 117 345 147 178 65 410 5 68 351 377 269 18 182 483 483 275 314 132 254 405 463 71 205 67 198 142 462 206 156 158 186 200 107 312 173 9 71 117 351 490 316
 43 104 218 308 227 20 203 439 126 26 65 437 275 110 177 383 296 48 129 418 225 7 398 173 347 193 345 133 313 1 206 322 310 107 450 72 343 151 104 391 296 288 374 51 10 34 493 50 96 222 151 255 148 109 63 290 483 144 338 489 179 462 420 415 9 254 440 375 323 483 309 476 192 481 365 26 37 182 363 455 270 116 336 434 350 217 485 324 356 237 204 341 258 366 320 258 106 334 54 317
 486 356 25 348 72 124 205 85 378 452 279 401 28 407 80 460 12 213 399 221 277 32 27 435 315 345 274 366 477 178 218 73 141 234 18 248 32 49 393 458 309 406 21 349 143 350 343 73 69 216 25 318 430 365 491 213 138 156 170 144 371 162 498 449 119 46 463 108 113 97 495 339 398 32 281 379 106 210 453 17 18 195 31 71 177 385 41 123 342 18 40 80 212 243 449 91 45 379 252 139
 458 223 174 430 236 245 468 191 43 329 70 40 343 356 497 19 247 51 59 387 228 312 401 50 295 151 299 348 298 286 225 247 425 123 193 165 171 425 204 105 186 133 187 321 87 62 59 359 283 99 422 191 459 381 251 49 361 469 72 304 51 442 206 418 203 109 114 252 112 76 98 256 212 54 358 349 15 106 497 140 99 114 411 193 420 461 271 463 21 14 392 47 463 255 467 493 162 2 132 369
 455 435 439 206 437 103 9 81 486 474 307 28 115 187 332 319 18 448 126 222 260 224 447 400 255 293 265 200 346 201 239 158 119 129 229 133 316 104 126 206 313 317 469 43 428 258 399 1 454 7 426 451 238 310 293 424 171 285 34 155 366 419 259 37 85 482 190 34 446 157 299 423 367 476 411 95 274 312 350 141 451 121 233 90 22 29 50 452 442 422 195 21 83 375 421 156 320 15 256 329
 330 210 446 163 313 189 10 211 296 108 27 142 491 42 357 235 320 483 170 14 93 57 348 424 425 173 175 440 317 139 313 21 381 488 321 325 35 191 124 270 11 254 101 375 343 414 292 65 481 286 473 414 439 236 346 266 263 389 182 244 359 462 228 235 150 259 275 118 476 342 331 5 110 99 380 485 37 42 477 417 493 362 307 462 321 133 219 144 341 448 326 198 487 289 316 216 330 101 456 182
 372 199 385 304 426 142 431 352 393 462 336 443 251 482 425 396 298 188 217 202 349 85 164 200 33 350 75 326 289 176 416 161 180 245 28 406 430 87 228 324 486 332 8 451 96 158 373 33 259 463 71 239 40 80 46 351 352 272 20 281 498 187 199 203 416 124 214 137 271 254 2 288 185 278 83 369 167 250 265 353 116 452 192 445 153 222 158 487 288 140 79 223 106 115 289 191 119 213 313 11
 201 8 157 102 114 351 132 208 353 163 115 376 0 342 210 322 293 450 282 484 247 472 164 70 436 18 198 14 86 10 480 325 415 256 357 320 420 264 371 102 378 111 237 90 140 250 236 31 175 176 36 418 154 211 403 436 149 271 2 28 137 482 283 67 214 219 171 75 43 191 73 105 373 89 238 254 215 219 330 316 221 393 367 136 428 230 372 247 348 19 413 93 383 18 6 273 341 427 425 162
 180 435 384 90 415 434 397 97 234 221 0 76 227 172 322 187 311 59 96 88 10 492 207 341 460 172 381 171 413 191 120 151 51 293 241 281 147 264 256 84 228 156 238 65 362 93 15 159 499 428 349 126 286 229 261 335 493 423 160 36 185 396 17 380 399 191 456 57 426 238 490 180 182 353 216 117 6 84 157 108 285 261 320 419 469 46 245 180 166 216 471 301 322 476 10 391 261 248 130 420
 247 365 339 128 443 335 358 493 142 350 60 94 181 141 450 373 491 72 237 448 186 385 462 250 164 442 292 494 429 12 273 452 247 428 107 331 348 287 268 37 127 406 332 144 26 80 125 53 155 246 303 483 250 233 497 323 154 82 424 202 450 496 383 126 165 487 2 268 221 88 498 213 28 81 449 291 345 286 183 71 478 320 453 61 345 449 353 8 412 229 65 66 200 103 170 34 490 218 492 352
 213 278 121 336 286 14 219 71 293 128 174 231 79 91 453 34 20 423 56 216 200 62 134 108 8 397 28 119 10 74 413 35 465 325 119 148 213 121 15 256 479 400 136 152 219 398 173 417 43 6 83 444 415 269 493 82 298 175 331 447 224 282 202 469 408 430 426 167 64 398 343 122 302 365 16 344 102 161 116 267 473 406 127 344 368 386 493 17 213 124 173 236 237 419 125 77 499 148 492 374
 199 386 472 144 419 172 281 433 35 112 46 376 163 332 326 384 40 458 390 409 190 396 93 255 96 103 247 253 449 267 415 297 424 168 343 340 314 171 313 132 2 224 363 4 452 151 270 420 254 144 236 490 188 35 347 428 222 0 269 159 495 468 309 351 412 176 154 192 422 137 475 77 128 353 299 182 240 123 66 463 272 345 183 495 424 14 139 67 174 86 453 428 433 162 472 342 214 83 243 421
 275 43 347 451 409 93 150 144 417 472 233 75 498 40 215 398 441 304 425 67 421 379 397 196 46 117 147 156 319 176 8 287 91 484 457 400 284 158 312 428 161 119 241 238 246 57 148 441 236 466 73 446 339 481 296 66 374 101 62 70 130 251 183 213 215 56 49 78 334 267 13 7 444 376 77 21 429 196 166 69 133 23 167 106 443 0 409 184 55 275 428 480 381 185 366 165 414 247 83 102
 242 220 349 393 495 249 373 380 178 106 249 498 443 463 311 36 389 158 366 392 406 226 335 133 252 165 455 109 46 242 467 368 137 362 177 30 30 176 281 390 222 282 477 411 271 166 485 379 11 189 358 39 346 239 194 399 332 155 445 482 227 116 326 463 287 312 23 401 360 288 365 445 204 193 263 498 476 173 190 97 242 404 409 209 277 25 293 32 313 200 164 224 98 178 498 61 99 306 444 227
 17 110 173 127 170 153 117 181 479 23 372 340 465 392 375 257 127 224 405 141 330 386 308 242 287 126 40 452 121 357 365 464 59 396 469 337 308 292 117 157 187 380 160 78 198 88 248 9 349 136 16 418 124 348 101 218 17 358 457 49 346 252 4 72 99 28 233 363 215 14 205 322 301 337 203 361 65 436 280 255 419 294 99 247 146 295 171 298 465 198 467 384 334 395 219 211 244 118 126 112
 359 69 123 75 277 449 60 201 135 460 359 96 372 317 38 59 417 217 174 171 98 396 240 73 124 163 429 80 120 401 290 78 151 219 210 90 362 164 6 160 384 497 205 64 197 361 470 176 169 449 366 189 445 134 195 156 361 83 117 349 183 345 87 175 108 303 441 237 60 163 303 417 123 426 102 195 477 439 477 72 273 67 372 12 289 19 163 488 329 387 405 188 74 310 55 136 421 474 286 161
 169 481 158 39 144 171 435 297 17 258 325 272 205 32 110 35 135 356 462 350 255 460 440 6 297 353 256 81 155 159 116 242 238 154 494 215 77 237 186 145 412 490 296 224 387 275 101 87 351 108 123 70 471 157 238 447 307 225 392 249 49 98 135 96 114 343 185 253 456 403 404 252 51 432 88 459 108 76 466 73 256 167 126 400 218 450 415 426 353 70 153 234 252 379 343 306 163 438 318 44
 261 262 470 134 310 111 148 399 107 296 387 326 231 122 167 176 412 87 383 61 242 496 478 282 16 331 376 266 241 458 197 370 309 252 362 311 356 179 335 82 185 302 150 457 143 487 158 121 340 93 422 470 271 40 450 458 0 129 166 298 265 416 342 397 359 287 162 3 149 289 263 133 129 274 370 41 457 441 227 44 431 375 144 46 27 362 175 482 77 494 245 231 407 418 221 110 44 162 245 237
 138 448 491 332 325 241 494 425 320 121 182 177 288 314 493 381 87 120 168 158 418 189 13 165 130 103 287 185 404 182 123 474 63 164 27 310 69 470 72 194 209 61 83 68 156 136 478 338 87 136 197 178 176 58 131 399 386 431 402 78 386 462 335 446 456 301 95 285 298 309 215 132 355 488 403 153 151 383 241 19 186 389 442 121 106 221 161 7 457 131 451 437 311 198 59 121 67 224 171 163
 356 455 135 63 283 58 132 487 332 371 187 258 301 324 371 384 373 343 233 295 72 54 498 493 174 95 34 471 479 188 107 401 494 110 376 47 273 124 443 480 132 226 161 396 103 7 328 19 49 203 73 76 62 285 56 331 112 471 332 167 26 378 311 111 105 25 314 379 360 197 457 158 354 390 229 473 93 472 178 430 345 89 207 362 241 262 119 423 401 157 125 423 33 404 336 257 452 25 425 325
 141 217 276 206 14 383 133 337 258 215 463 141 381 334 25 437 181 195 401 361 224 22 417 417 419 76 448 154 244 252 17 187 235 321 454 355 234 463 408 35 111 355 444 295 150 117 253 88 247 379 61 89 405 56 277 334 324 398 436 44 61 389 230 238 483 72 258 263 272 8 421 353 420 208 98 425 88 126 178 340 363 379 206 438 177 486 139 93 146 497 465 445 122 164 268 449 52 426 171 436
 332 170 142 113 280 286 383 379 467 129 491 185 404 114 198 94 180 388 272 352 375 233 485 70 91 386 204 370 367 340 127 235 223 411 138 72 7 494 173 393 269 207 378 119 75 468 40 359 157 115 240 37 455 358 362 483 470 370 208 479 144 125 273 140 429 9 41 258 210 235 358 359 353 484 158 410 67 22 24 158 65 98 12 10 391 88 175 331 432 49 214 261 318 93 473 19 305 15 315 202
 21 1 208 484 445 126 19 258 133 15 354 266 196 45 314 437 210 300 219 152 332 361 92 204 154 412 39 360 383 62 24 406 363 52 46 134 217 383 141 170 13 347 450 349 285 245 280 186 197 30 44 368 123 328 208 32 171 483 35 466 337 324 296 140 149 5 339 487 215 278 144 355 238 382 216 189 440 29 337 399 428 312 73 220 208 13 328 204 146 365 169 334 476 60 395 109 351 207 309 416
 388 415 409 25 364 377 236 155 446 41 244 414 466 272 286 140 321 25 18 186 414 315 401 240 23 31 113 93 428 167 355 73 330 175 450 128 240 87 310 39 191 470 131 113 204 33 39 339 410 51 441 408 32 247 175 420 68 351 111 303 364 52 361 301 273 285 80 383 166 357 490 413 274 315 457 342 253 112 208 223 28 323 325 343 151 276 80 158 415 175 379 457 472 262 159 30 393 482 211 444
 305 29 240 77 364 352 210 186 54 452 349 10 403 350 302 163 376 171 490 393 437 435 242 273 16 53 297 306 201 348 124 1 42 341 9 342 108 473 282 232 267 461 234 309 402 255 495 44 371 402 158 151 218 412 357 208 87 450 272 30 153 477 393 251 52 225 191 213 491 79 129 306 111 207 119 116 34 170 202 129 323 96 393 110 213 393 210 454 266 64 62 490 78 41 428 322 268 39 400 278
 440 381 39 234 62 187 440 243 214 39 479 371 177 113 377 35 19 282 159 207 193 8 96 361 212 290 4 150 414 305 230 245 488 404 400 313 354 56 118 425 499 119 16 154 168 170 316 78 139 224 355 398 226 284 18 137 466 486 228 370 469 275 191 174 111 215 396 111 44 434 251 216 353 209 338 366 57 214 93 474 486 210 49 197 288 94 153 196 357 200 6 391 206 323 310 48 156 462 79 164
 183 102 193 322 379 189 33 167 127 353 39 152 111 8 95 42 321 334 111 75 308 353 109 322 420 23 26 400 112 301 102 11 72 35 474 304 357 216 290 148 383 123 8 53 439 234 408 306 294 22 114 90 152 372 409 40 164 374 265 418 374 5 179 198 78 369 344 74 405 489 127 479 193 257 495 343 374 245 272 168 198 412 168 16 128 265 342 432 13 341 398 142 15 85 91 467 319 437 33 199
 116 325 165 490 376 146 248 202 351 12 499 242 14 148 231 215 117 85 175 349 68 11 13 0 478 169 255 103 171 230 455 333 157 46 89 286 313 379 463 272 55 16 37 214 281 104 438 361 139 426 279 146 488 436 450 272 80 394 150 358 71 436 5 246 401 22 181 475 139 203 52 471 273 84 434 402 64 50 177 91 121 467 83 148 422 96 425 89 349 475 319 487 211 172 259 331 331 433 59 400
 283 62 375 181 434 320 498 232 182 413 248 321 132 425 388 219 274 400 174 240 148 172 176 484 38 481 312 368 101 305 402 410 428 96 8 60 141 140 209 261 248 354 470 159 379 298 326 423 7 183 417 329 18 290 196 307 61 335 138 488 275 176 26 286 283 70 11 193 139 5 76 388 130 424 309 261 15 197 325 96 110 442 251 116 174 480 454 457 43 366 496 177 22 161 310 382 79 479 356 15
 43 186 473 447 219 371 248 438 295 242 182 273 326 368 58 248 437 402 360 134 5 207 326 305 186 385 432 254 74 248 36 316 414 35 341 4 431 103 452 391 384 366 23 31 156 117 403 155 34 28 385 310 491 77 285 97 286 355 203 196 81 191 453 270 416 413 221 168 244 225 67 136 86 312 346 414 159 201 67 491 102 411 405 192 372 429 207 165 179 319 499 235 370 322 497 406 156 27 215 15
 352 36 154 77 380 368 405 470 152 401 44 193 184 378 288 457 472 373 181 205 164 337 64 438 37 117 270 140 79 93 65 321 11 229 61 274 118 403 94 215 474 84 12 353 197 338 306 286 444 487 11 68 182 50 403 306 201 174 58 240 108 444 306 437 466 458 13 66 329 60 403 168 259 350 397 414 233 241 296 128 160 239 414 460 313 409 458 379 203 59 163 57 236 419 37 380 252 273 252 254
 145 63 122 123 356 495 345 478 23 86 424 406 319 23 356 435 44 375 166 396 479 264 35 405 398 402 264 475 466 454 203 454 142 413 406 302 215 208 143 191 172 178 459 7 378 201 23 438 3 254 99 139 416 207 105 106 439 394 250 476 424 403 43 170 34 420 243 238 272 105 367 394 227 139 466 126 281 293 9 265 228 132 394 354 498 470 57 409 307 134 163 411 233 258 359 490 144 479 417 162
 450 264 272 475 341 132 411 356 31 477 432 331 392 173 53 490 430 96 487 182 393 210 467 314 26 279 222 389 2 255 348 312 2 427 64 246 341 401 292 133 424 399 87 442 314 83 146 339 208 290 439 144 194 486 458 451 226 188 422 1 12 230 20 158 204 493 162 370 464 431 203 325 477 363 217 216 483 348 71 321 83 415 245 369 149 407 300 60 478 407 194 236 451 463 249 177 51 95 470 97
 50 357 110 36 266 367 320 466 266 68 294 432 368 299 113 83 339 192 221 379 21 247 490 467 39 23 451 313 367 219 341 329 382 287 3 409 122 305 303 320 433 349 182 367 130 198 3 99 447 374 13 152 48 217 478 382 99 324 142 50 465 124 305 323 384 409 12 289 170 300 326 257 164 113 130 327 426 29 91 117 102 331 373 361 347 252 274 288 400 60 99 304 217 419 183 454 85 492 328 292
 289 369 497 183 280 91 368 16 408 135 233 189 72 185 487 489 157 484 210 115 82 235 36 30 214 414 403 452 493 312 243 234 384 222 372 48 473 60 259 338 179 288 38 486 496 404 484 219 47 437 102 409 424 431 198 153 377 380 450 199 184 259 113 203 150 2 223 265 146 375 463 5 403 493 60 301 226 498 485 44 340 368 446 339 114 242 162 101 114 481 450 397 176 467 126 58 41 6 306 258
 40 436 240 428 37 109 37 46 415 257 244 388 349 156 454 193 17 340 102 38 124 346 285 168 132 147 106 325 298 232 58 143 70 151 182 488 489 228 187 21 463 85 351 178 213 146 322 110 333 207 28 364 363 226 13 184 350 92 405 102 155 139 397 119 293 313 445 142 30 335 216 74 373 124 225 384 329 108 427 120 473 141 279 482 348 373 180 311 38 136 243 154 136 43 424 276 441 221 321 471
 153 109 238 13 22 136 117 404 349 244 359 101 222 446 62 302 315 396 44 228 46 125 172 321 324 493 492 52 349 488 399 174 374 194 123 193 462 121 113 411 216 414 464 54 3 272 383 162 59 170 315 234 127 251 309 106 256 464 399 240 297 268 365 74 232 91 186 91 420 157 164 313 130 172 228 367 417 317 77 479 133 159 380 286 448 284 136 54 295 360 359 288 171 31 8 338 327 299 459 107
 228 174 250 22 352 272 161 243 399 88 116 100 148 59 147 156 274 470 203 446 330 210 371 227 260 325 145 67 480 210 154 457 395 107 219 418 362 358 181 44 366 370 0 147 437 495 472 272 52 205 156 28 469 309 114 211 303 472 262 97 71 144 467 245 301 205 19 384 200 36 230 16 338 294 365 474 123 18 355 145 168 123 209 52 415 345 450 314 137 342 109 304 235 118 78 158 233 258 430 309
 428 76 159 456 242 0 375 406 391 341 352 212 78 174 440 44 325 399 490 125 13 151 69 263 401 75 115 309 156 141 296 317 369 173 268 352 379 476 98 307 145 103 431 457 415 386 495 227 450 281 26 192 49 389 89 56 252 388 118 394 405 499 61 0 365 220 145 276 492 487 131 473 348 176 276 20 255 61 117 328 495 466 102 146 77 326 451 265 497 356 147 193 457 98 234 222 52 36 486 384
 430 108 436 240 221 288 19 393 277 317 345 80 491 351 442 205 34 113 302 211 136 439 210 446 464 173 457 82 323 333 311 23 252 227 310 447 7 168 277 456 302 117 125 219 227 266 218 275 264 375 318 182 156 61 264 404 217 308 171 418 362 323 480 90 319 277 382 367 475 399 112 440 325 398 428 412 246 234 354 313 482 351 311 5 105 75 479 13 112 400 149 300 340 343 177 369 7 1 342 45
 184 65 74 198 215 479 326 405 153 439 186 163 117 289 157 210 288 224 245 299 27 120 29 73 258 156 462 300 223 187 20 294 183 375 121 434 284 188 491 104 272 262 70 57 164 17 332 327 33 448 396 411 171 488 17 280 336 259 148 139 123 436 38 133 348 268 235 8 179 165 196 226 254 242 275 78 100 408 144 393 192 152 254 116 435 33 148 7 85 2 261 29 432 427 122 81 6 308 38 96
 260 131 239 187 240 348 51 164 237 413 197 448 407 131 85 72 344 362 289 268 309 239 10 467 354 80 59 161 313 292 444 297 224 313 57 407 429 278 100 137 62 261 268 464 45 109 339 249 301 127 446 120 69 446 356 105 392 200 273 134 415 407 276 261 479 288 186 309 474 90 336 442 471 490 123 220 64 274 251 44 416 292 382 355 181 61 401 179 299 330 215 264 281 37 305 326 36 174 423 19
 390 72 393 375 465 186 435 466 144 207 433 437 405 366 497 233 288 454 307 45 395 362 207 15 338 227 57 417 48 369 234 467 414 402 117 119 256 281 173 416 258 452 17 296 126 204 255 286 487 153 377 410 211 464 168 122 336 251 235 41 111 117 117 18 306 226 38 176 391 213 171 327 170 175 46 305 108 403 488 281 469 380 362 408 383 117 314 94 283 12 295 364 191 204 166 76 117 347 435 236
 363 236 63 422 363 314 87 339 257 138 324 187 147 289 36 485 456 112 230 372 444 103 337 168 399 428 347 244 156 266 268 308 304 182 115 395 382 392 381 359 421 165 491 48 456 459 350 478 382 286 62 434 375 50 481 358 17 469 418 400 22 374 480 20 217 157 125 476 62 165 353 410 284 16 317 304 161 131 204 307 20 53 59 460 155 340 296 154 434 477 241 154 304 295 465 387 282 351 24 99
 496 318 447 189 473 36 195 203 478 8 482 315 103 108 69 440 388 85 28 200 481 490 7 355 417 46 62 279 52 227 76 466 264 194 19 19 256 380 115 228 450 454 16 432 39 220 237 24 436 362 178 260 363 283 8 87 266 337 363 450 23 330 73 17 273 66 178 339 274 480 170 333 110 261 354 436 339 171 73 138 448 406 427 145 191 481 100 438 278 42 373 241 62 247 211 162 419 168 210 404
 379 117 481 472 281 150 492 264 227 88 423 244 371 417 437 128 218 215 239 231 174 497 346 380 142 110 250 79 160 130 120 127 222 114 339 338 312 304 410 436 264 411 193 471 99 256 321 29 371 233 213 296 162 197 219 447 214 131 282 418 169 44 397 76 204 303 63 126 342 300 37 359 222 357 161 486 392 442 408 56 451 59 410 195 241 298 412 177 335 67 463 97 185 392 440 99 60 133 39 38
 464 372 15 295 440 185 397 195 463 191 473 37 398 226 14 461 472 420 26 124 201 217 85 5 465 356 168 235 203 95 321 204 133 258 437 122 239 3 111 468 352 148 275 187 327 417 113 165 134 112 411 226 183 462 236 33 28 44 415 109 416 189 459 333 258 50 380 109 42 195 74 218 318 420 24 307 227 20 56 81 300 313 101 80 25 420 105 311 180 258 264 466 428 264 404 65 307 338 99 376
 182 458 122 57 182 471 375 49 493 308 325 251 65 427 110 62 148 366 210 201 485 232 247 400 71 211 404 44 39 72 333 126 130 299 191 369 287 266 468 257 198 60 238 420 318 287 136 7 344 309 405 72 300 89 307 163 84 2 75 186 435 432 272 257 267 3 317 469 234 428 391 323 17 368 405 140 435 116 358 69 80 75 140 28 237 418 178 361 115 349 329 106 266 256 87 211 381 433 368 19
 147 205 448 259 303 405 76 127 351 406 171 18 429 298 433 177 431 234 3 180 222 81 446 193 133 82 129 321 363 265 44 305 441 113 159 0 48 118 61 405 490 469 421 15 407 161 434 95 311 481 411 466 98 33 38 303 320 105 236 75 86 451 109 460 20 61 492 31 383 35 6 465 338 350 167 36 169 189 57 129 61 263 476 413 314 158 282 64 438 450 191 9 221 24 195 280 117 348 131 492
 116 193 386 37 96 56 417 248 243 420 349 96 387 149 491 106 380 414 220 340 123 436 494 83 421 59 499 368 452 7 208 143 429 475 45 351 67 220 395 405 102 434 190 316 292 98 196 444 412 307 461 194 268 311 361 340 209 176 315 494 0 496 108 95 407 77 122 107 269 169 77 341 54 425 291 345 30 34 315 253 471 189 214 231 289 483 456 213 482 344 40 268 66 169 125 82 49 472 359 279
 246 427 83 49 350 331 198 243 114 42 21 207 221 418 481 292 393 325 159 486 311 270 99 431 405 74 308 186 453 174 95 306 103 178 285 141 151 435 18 37 115 133 432 67 1 204 172 182 45 100 335 331 410 11 86 67 370 221 386 416 431 318 2 399 432 303 4 313 220 298 264 28 129 247 422 249 60 31 221 216 232 268 258 4 128 433 359 191 33 248 301 328 400 5 49 239 116 73 274 416
 498 58 206 484 242 21 273 21 249 461 434 477 467 486 457 416 263 414 141 325 257 255 483 133 452 457 338 242 64 261 348 388 333 401 485 177 328 18 255 270 97 336 446 248 54 301 409 64 179 445 487 223 199 0 39 165 318 169 306 96 439 493 427 319 444 323 73 383 287 230 119 6 307 307 188 50 52 494 304 64 219 27 55 182 2 209 60 70 103 217 453 224 198 131 193 118 227 95 310 346
 312 42 29 319 188 339 498 211 277 467 284 188 332 203 64 162 371 497 88 189 86 454 112 484 320 427 244 349 451 69 65 313 82 337 132 494 224 207 7 223 107 358 203 24 106 401 66 431 229 177 146 446 456 43 213 74 42 95 195 427 292 141 72 269 71 123 294 95 270 231 179 349 171 426 135 315 304 253 481 456 365 256 170 349 4 228 290 359 123 13 73 390 333 288 401 434 40 104 362 377
 91 276 78 395 360 396 367 391 330 8 293 479 482 134 348 97 235 30 437 207 117 484 428 160 67 493 218 68 475 413 96 146 394 52 332 59 387 187 402 234 229 457 318 474 381 407 316 172 256 12 84 25 97 241 183 478 322 356 257 362 188 109 472 128 456 245 205 118 423 111 158 413 453 205 472 118 118 368 194 476 317 86 258 155 397 479 318 8 173 217 349 14 479 449 487 404 264 191 490 48
 462 177 70 116 93 131 236 163 272 468 14 34 107 441 318 207 373 250 189 229 496 265 158 490 207 116 11 406 179 465 345 97 488 320 22 418 150 195 456 24 180 356 61 453 424 308 226 298 173 374 172 47 148 232 411 227 220 454 205 186 468 223 495 212 47 172 78 249 264 401 45 391 469 338 65 463 472 499 237 12 199 296 91 180 321 392 474 165 159 235 409 183 272 397 301 346 436 257 286 155
 213 298 16 454 292 421 207 214 130 138 243 169 150 387 182 237 382 103 238 479 420 428 144 190 175 36 381 491 445 332 179 305 224 281 175 142 56 34 420 140 151 358 432 360 208 484 237 446 108 228 231 83 190 428 180 351 364 427 261 339 190 276 431 487 355 254 468 351 462 271 46 363 195 138 360 146 118 314 156 155 414 480 277 391 182 59 239 198 472 438 259 50 275 433 275 340 111 202 401 248
 233 187 415 92 293 3 379 359 147 69 128 295 357 381 336 56 363 74 255 383 466 250 65 92 363 76 51 394 367 384 316 471 351 498 69 386 189 288 209 31 283 101 19 224 133 465 129 466 494 152 114 410 295 86 394 364 106 136 156 27 408 408 420 426 85 80 234 195 465 337 403 466 112 191 415 380 113 112 278 13 358 169 415 170 475 482 133 39 181 10 360 472 157 158 448 490 465 274 153 353
 106 110 343 436 203 46 346 56 309 209 240 324 228 394 242 140 465 18 164 25 324 484 457 117 215 63 274 43 311 348 214 13 47 344 246 252 155 338 62 200 374 260 0 32 436 289 358 452 365 355 38 234 490 312 185 470 53 399 333 201 430 460 325 215 53 86 429 159 318 364 293 343 100 277 176 6 105 53 245 322 416 160 67 45 196 137 234 86 52 216 393 315 227 4 305 155 339 428 2 173
 104 151 453 139 186 353 222 312 311 467 98 354 34 218 467 112 249 300 239 214 232 344 322 11 290 263 460 344 255 275 483 82 414 119 437 394 9 355 420 94 228 317 329 3 6 52 482 53 410 104 356 186 20 226 320 343 302 450 310 451 25 342 146 338 476 116 321 233 49 499 120 430 245 278 298 114 493 302 224 225 34 477 384 222 485 314 420 444 167 239 89 461 50 121 173 468 469 223 200 168
 461 242 37 130 85 223 117 383 134 348 406 488 466 312 109 126 102 141 484 110 350 201 214 11 102 221 271 433 134 375 316 330 273 422 450 47 186 218 43 126 138 455 34 473 342 159 298 322 256 14 477 176 71 97 317 364 164 220 284 233 2 9 392 241 458 122 241 233 48 457 82 279 389 358 217 14 53 37 167 157 434 90 195 448 73 121 50 399 21 317 352 300 94 184 404 235 324 267 353 244
 428 400 191 129 446 409 432 213 248 83 113 28 69 299 499 0 393 428 442 311 204 481 482 374 490 156 473 305 390 295 98 140 338 325 79 354 473 469 449 107 170 171 282 219 0 119 115 341 323 30 39 489 314 266 480 394 489 145 201 63 49 257 352 484 117 51 328 480 311 13 374 308 248 332 3 170 404 374 69 55 410 172 71 137 395 499 286 74 219 496 213 473 64 214 91 274 326 247 80 424
 208 257 445 128 469 26 356 369 401 394 288 390 30 25 248 79 130 89 134 56 298 16 241 82 144 268 355 312 316 282 117 185 16 498 432 114 150 142 334 227 18 325 459 133 12 421 464 27 343 218 361 61 131 441 306 400 101 142 284 103 232 257 209 421 261 343 470 320 22 263 179 9 156 390 408 309 280 389 130 312 267 152 403 240 152 436 106 445 190 61 351 422 205 360 339 370 150 212 26 32
 182 365 316 331 122 358 22 178 209 384 33 120 274 467 260 251 49 324 59 430 39 299 394 15 160 277 438 429 489 70 402 275 446 389 386 197 365 40 21 468 4 22 251 485 143 246 265 20 302 393 63 383 417 475 14 396 313 358 156 42 494 156 229 113 189 434 280 195 9 328 225 179 392 115 271 332 27 421 116 177 146 92 432 255 0 485 484 282 367 110 356 345 58 58 239 273 44 64 33 69
 281 123 286 315 322 172 65 472 21 468 311 120 109 28 229 316 139 38 102 161 318 274 118 58 445 140 228 25 398 468 435 182 85 439 456 79 69 360 321 303 94 176 480 217 244 273 197 220 291 117 270 257 188 445 470 20 58 115 360 139 200 333 489 215 2 35 283 448 398 8 407 71 354 108 285 110 91 328 334 244 88 322 255 298 18 219 156 424 478 434 363 356 154 203 147 272 448 12 183 402
 133 407 443 449 316 408 253 405 17 352 315 16 33 262 352 479 379 84 368 351 156 398 298 152 219 87 309 41 282 288 404 121 85 277 461 193 405 264 11 216 379 433 264 51 74 124 227 1 93 189 51 266 489 117 55 6 415 455 359 329 5 286 294 325 359 230 13 411 416 445 485 121 56 355 57 219 264 104 411 300 276 413 291 188 209 481 395 404 251 138 129 66 488 278 230 165 82 111 64 99
 90 494 466 241 453 331 18 6 331 14 196 316 69 28 197 56 491 422 375 28 27 461 167 66 48 81 490 102 139 423 292 372 2 0 310 395 266 0 151 21 142 443 278 225 136 3 326 429 384 486 417 371 66 378 469 230 105 54 420 64 437 62 131 467 441 130 241 177 178 163 212 492 438 22 417 206 396 233 180 452 111 463 11 357 449 304 283 114 22 369 426 179 213 157 191 204 66 132 279 377
 469 82 138 499 402 196 437 408 294 43 213 157 268 489 243 450 315 315 1 89 268 11 18 383 155 495 34 291 142 226 80 96 336 416 79 277 359 488 30 251 333 415 127 428 361 206 267 45 293 452 36 185 486 239 302 79 242 292 202 324 413 17 60 98 339 50 440 380 237 198 184 87 6 299 76 36 32 376 370 348 303 146 478 280 193 393 220 140 14 425 189 250 226 384 308 187 293 230 270 246
 407 438 292 112 328 302 123 375 101 498 367 29 20 25 405 143 348 394 7 211 233 1 470 370 70 20 170 170 235 199 367 204 381 365 272 149 376 461 351 151 29 457 444 461 412 146 71 126 16 132 303 169 484 20 433 372 340 391 399 57 29 93 249 166 80 214 377 368 178 7 294 265 380 340 348 324 473 492 486 469 436 154 8 365 346 143 485 296 109 47 276 394 294 244 111 431 260 497 228 99
 125 332 431 432 429 387 195 265 180 207 68 31 221 9 194 186 417 260 448 302 52 116 215 162 174 145 132 421 424 75 275 215 294 25 458 490 288 311 165 402 112 168 223 25 159 27 193 451 321 426 161 170 254 464 430 149 338 484 478 406 145 47 36 324 124 332 287 162 51 206 270 121 27 374 338 51 177 151 473 289 475 82 340 67 243 309 463 342 246 375 456 279 171 361 393 233 240 200 278 291
 375 410 122 279 281 289 213 61 344 66 30 260 51 138 489 246 382 411 496 467 77 364 394 320 157 46 296 60 93 266 7 74 99 339 398 272 219 38 168 359 367 338 32 464 12 465 25 79 211 108 4 286 340 422 68 124 399 101 256 351 160 296 35 291 233 220 408 159 208 439 435 137 399 9 140 201 310 23 114 326 448 18 63 496 298 450 434 481 102 178 421 195 404 285 100 181 393 325 493 78
 410 243 462 474 427 467 184 42 459 309 337 366 142 300 313 333 240 275 200 225 342 401 3 380 350 389 159 498 140 238 362 95 238 123 449 267 384 410 257 64 492 406 295 165 292 195 494 233 209 421 254 349 102 11 278 233 46 193 153 184 138 320 285 283 135 417 8 336 73 316 356 275 436 398 498 73 300 486 214 439 42 304 236 465 43 255 158 284 27 244 200 268 226 46 404 486 330 156 3 317
 475 9 3 491 105 226 176 63 174 269 109 360 367 341 198 269 196 230 315 63 354 446 138 166 385 132 421 16 46 300 211 234 442 51 92 496 339 97 39 495 99 184 451 445 263 35 177 112 2 39 93 107 182 436 53 110 2 375 106 152 329 6 158 230 233 124 346 41 39 75 249 276 167 184 308 375 443 158 155 432 41 134 364 188 352 45 179 23 338 150 130 484 447 89 321 338 17 416 321 420
 289 457 448 8 341 32 348 73 34 339 370 283 32 475 100 314 263 497 266 147 328 109 424 30 461 25 393 406 101 229 172 123 304 162 426 373 261 36 107 426 493 437 236 146 139 139 374 496 108 213 248 340 317 448 290 83 455 291 12 438 166 341 353 415 485 342 258 176 441 49 150 129 67 204 351 281 95 209 320 215 67 4 272 119 253 444 395 402 304 450 36 290 104 411 451 259 291 42 200 73
 299 234 175 43 493 357 329 371 380 81 175 224 379 450 202 48 259 416 435 289 373 66 304 206 142 340 350 429 475 269 456 376 163 104 448 336 31 3 200 454 41 464 8 240 5 219 350 382 368 229 474 206 85 364 335 281 184 375 302 127 277 191 214 480 2 141 63 108 232 482 11 452 71 109 218 258 0 212 12 463 483 94 408 463 121 227 99 196 43 308 123 98 496 404 110 403 191 447 218 267
 405 259 454 338 66 348 72 237 141 220 164 481 453 463 233 262 416 467 83 323 403 475 461 18 152 433 228 47 247 165 172 152 381 261 204 312 333 58 368 104 495 268 34 17 461 404 242 347 199 128 419 82 123 25 333 103 94 497 404 401 326 484 284 144 53 76 191 317 16 390 269 364 387 270 262 3 136 494 93 200 222 147 259 280 436 149 49 73 426 477 386 109 223 403 284 323 32 256 486 27
 436 344 307 417 432 72 9 491 477 156 47 304 28 351 435 383 481 387 22 79 7 447 407 166 447 234 159 41 491 478 181 160 89 196 273 203 271 214 77 188 161 54 393 378 382 337 227 401 75 20 33 82 222 145 181 153 73 298 301 386 357 149 281 325 306 35 97 166 68 163 291 119 4 237 321 343 143 288 399 271 138 175 156 242 282 3 337 75 122 297 398 182 83 70 40 250 132 492 306 449
 242 47 388 196 425 492 321 427 356 388 431 281 265 256 301 223 84 147 256 250 486 178 6 488 413 3 395 15 446 280 492 238 6 458 354 183 325 187 211 58 428 213 484 70 193 16 10 193 120 99 264 155 0 194 245 137 346 374 498 87 341 154 312 415 95 381 359 232 439 271 181 167 488 36 200 400 297 482 89 19 137 307 139 385 336 219 335 161 139 267 254 288 13 182 288 404 234 262 286 115
 180 199 214 191 455 288 440 417 129 226 245 379 140 449 372 354 111 328 61 364 375 496 209 324 65 440 9 63 474 444 270 455 331 7 429 303 239 365 13 122 115 133 250 147 388 331 439 128 81 249 37 285 359 3 165 488 9 389 199 287 356 496 361 229 353 44 208 373 341 56 442 367 85 166 439 436 238 220 495 396 141 451 284 202 454 460 136 228 498 460 343 439 212 116 322 337 114 432 102 81
 451 344 466 428 11 65 18 361 497 313 182 466 96 213 315 125 13 393 88 307 360 469 59 388 361 195 401 227 317 378 191 77 121 409 275 360 274 382 254 312 34 197 87 230 122 431 276 107 180 368 432 415 258 205 33 238 452 90 26 271 147 395 423 475 354 324 4 412 162 482 247 107 472 192 14 467 338 206 149 364 390 269 295 322 69 339 315 97 352 316 377 156 123 277 310 164 483 392 308 416
 102 272 234 376 460 242 215 346 468 289 13 151 67 478 59 189 273 51 23 40 258 281 82 227 210 127 197 269 292 273 489 324 394 473 209 409 206 292 426 120 145 404 11 230 197 41 247 492 293 334 68 149 317 125 181 180 475 362 294 379 160 395 98 208 284 115 305 74 369 141 331 427 445 392 353 59 481 429 403 130 389 223 33 274 274 381 2 99 431 208 110 129 223 43 367 260 118 9 486 173
 438 322 331 259 279 136 382 139 222 43 251 125 302 102 264 200 361 44 18 152 194 207 21 349 106 464 280 23 420 40 281 44 424 25 4 498 4 296 238 170 438 209 463 311 72 363 240 19 333 271 451 394 55 407 236 377 493 335 233 198 391 410 84 193 96 373 451 106 79 344 197 355 173 454 463 181 486 479 237 254 470 144 242 235 446 202 25 51 323 259 374 301 298 94 89 466 477 179 185 204
 409 333 295 172 32 459 355 79 169 197 399 203 77 445 244 201 476 302 262 448 61 268 300 4 122 148 354 143 420 153 200 496 1 90 472 295 375 338 460 237 384 114 202 164 250 346 95 477 89 423 149 111 462 322 321 331 251 173 5 474 228 466 442 74 76 292 232 405 49 166 80 470 108 101 418 406 72 481 45 294 208 359 492 358 39 42 162 425 408 312 32 282 303 218 338 382 422 354 411 454
 231 143 432 484 385 342 456 469 188 184 165 78 58 256 158 7 328 279 104 283 30 289 225 286 262 437 495 251 38 40 409 326 84 470 253 101 238 333 54 325 498 410 402 299 111 461 383 311 120 277 33 289 156 372 239 283 19 44 239 367 297 426 495 481 65 434 421 266 27 347 249 21 157 80 190 86 174 243 198 98 303 441 127 179 235 106 294 1 10 191 145 300 478 97 267 42 153 359 106 7
 21 235 446 271 113 309 212 187 463 73 5 360 183 406 8 77 159 382 478 172 462 456 433 439 2 252 158 406 85 390 387 7 432 161 379 93 107 105 296 202 103 307 499 397 425 200 446 227 387 137 139 67 324 45 343 327 428 99 433 473 121 206 291 72 307 66 118 440 367 173 22 351 394 41 280 172 420 316 32 188 359 350 65 392 140 393 295 398 225 427 454 379 80 343 100 320 139 469 329 303
 412 411 418 241 203 488 208 494 114 101 465 177 352 45 72 121 405 97 425 398 37 299 383 496 2 34 273 296 292 434 478 144 55 114 496 298 147 99 280 67 175 439 199 298 318 326 40 199 175 447 85 232 111 127 247 163 489 205 22 128 37 338 163 425 327 303 216 100 409 443 322 135 368 302 169 239 348 342 485 109 299 398 75 156 104 100 174 29 394 447 203 63 54 100 282 80 89 128 450 115
 118 363 459 446 445 395 491 307 443 52 488 37 113 327 179 46 347 181 355 406 136 309 192 7 164 452 98 79 189 200 127 129 274 479 451 447 145 81 497 432 242 192 191 401 244 312 129 130 313 218 84 414 81 469 45 410 327 171 171 326 266 59 281 81 52 27 123 128 268 153 235 428 294 347 143 395 77 356 106 23 77 299 448 141 193 334 302 417 142 111 197 267 484 406 5 262 268 252 129 407
 176 330 202 428 55 108 385 445 56 391 272 462 160 93 403 142 157 204 451 220 422 139 168 45 264 136 304 317 344 477 459 281 410 296 144 256 84 416 127 484 344 242 9 35 221 43 273 479 485 344 428 167 278 232 444 111 86 341 360 278 177 70 199 141 381 359 454 283 118 253 111 375 165 232 107 450 329 174 410 250 140 409 386 493 303 380 181 82 381 6 147 297 6 176 39 457 215 292 312 307
 68 381 176 292 36 309 112 35 192 88 267 488 182 288 227 484 192 150 403 382 446 310 280 145 241 53 462 395 64 62 275 170 450 139 29 141 193 386 51 237 121 400 162 228 393 223 1 114 319 386 199 134 297 361 126 180 398 240 52 92 105 261 453 409 458 412 408 31 431 34 95 357 409 299 212 280 111 228 6 444 425 13 23 200 205 232 3 144 474 46 492 260 342 214 68 108 154 163 452 342
