 71 485 438 351 183 255 133 150 432 403 260 118 164 266 396 246 270 350 174 170 300 365 68 239 230 404 394 43 46 364 61 458 420 203 451 491 16 83 242 119 209 78 457 471 364 157 403 337 81 143 119 474 118 168 91 481 18 475 353 305 479 103 39 462 115 45 222 205 315 375 185 471 121 51 47 389 456 279 262 113 18 431 302 427 341 204 277 333 13 304 116 339 9 209 486 480 11 62 55 5
 469 36 176 190 302 205 157 410 281 499 491 414 448 231 135 451 491 496 370 184 12 390 35 13 295 125 370 102 25 467 470 58 434 13 294 32 441 425 131 159 355 33 473 316 300 486 210 424 264 184 483 158 334 465 213 11 405 36 187 389 97 167 435 117 109 334 414 488 292 254 260 452 332 106 387 434 25 301 371 7 496 416 58 347 324 117 400 173 317 241 338 209 154 498 134 322 302 71 282 288
 59 396 90 116 243 21 15 49 64 243 410 52 198 189 140 383 386 203 131 423 412 280 17 361 453 224 200 433 194 73 241 162 6 288 344 173 290 394 272 17 417 272 67 458 254 6 69 97 375 434 86 340 449 345 21 419 201 306 283 293 105 36 163 310 187 488 194 225 50 118 66 126 339 44 335 283 421 183 54 94 12 255 466 53 90 65 211 421 203 327 412 404 299 430 56 474 381 22 65 33
 42 163 477 436 378 180 348 469 167 385 133 179 200 1 381 150 407 219 313 180 482 139 368 116 374 309 492 93 458 74 327 405 123 316 113 242 304 155 264 277 63 283 180 425 440 204 428 267 113 327 389 244 355 183 413 134 145 0 143 342 242 255 265 341 360 134 218 309 246 445 185 355 90 129 397 183 451 324 419 428 60 258 293 360 198 130 225 318 294 144 13 170 119 373 451 156 426 223 332 442
 23 419 397 239 367 452 322 232 14 18 115 44 275 155 287 86 338 348 230 343 109 459 170 261 262 432 102 324 168 70 95 410 8 140 166 316 191 127 90 123 165 101 490 344 159 242 390 176 163 330 38 43 360 175 50 35 70 61 452 131 39 367 211 456 372 332 478 328 229 306 169 145 195 317 237 480 19 19 257 391 123 31 240 100 416 368 422 415 264 351 151 290 203 155 21 91 37 415 32 401
 58 454 358 90 224 107 265 420 72 67 378 227 115 103 376 319 24 156 116 27 291 90 97 329 427 321 427 330 451 238 476 284 394 309 59 486 93 302 393 56 406 10 304 184 370 90 469 392 137 206 65 33 153 227 336 431 156 225 131 390 319 77 406 309 360 230 467 97 434 466 228 96 284 282 187 229 370 233 457 327 50 491 34 66 146 369 467 134 169 344 467 259 137 402 402 463 256 78 146 422
 402 324 292 135 110 97 279 104 355 200 295 287 265 32 118 30 287 356 465 92 495 197 337 161 192 311 492 320 452 299 260 234 178 491 320 158 161 246 128 283 126 85 351 58 122 162 12 28 152 384 328 314 497 80 471 55 493 399 420 374 61 344 38 273 234 83 264 465 425 333 419 479 203 450 478 274 406 25 246 170 72 418 231 464 412 370 239 407 143 154 146 402 270 281 270 283 261 340 292 12
 457 7 130 140 201 210 242 460 273 75 179 334 440 278 66 21 456 486 0 183 199 493 346 372 437 187 385 208 47 467 20 374 26 227 342 449 188 281 160 456 286 46 234 369 99 246 173 123 412 428 286 284 45 259 376 104 98 485 375 67 333 291 48 481 271 462 235 96 294 240 464 257 418 481 473 359 222 36 144 256 277 205 425 186 52 29 77 233 162 108 297 277 187 141 424 379 473 62 54 39
 436 54 335 17 244 237 251 124 273 287 251 29 150 172 77 28 116 465 3 88 177 334 305 330 164 3 144 469 356 389 373 171 257 423 203 398 321 249 24 23 167 299 214 402 308 229 2 260 463 1 160 82 366 453 157 418 113 260 420 39 211 115 370 424 223 208 414 293 273 229 80 349 416 337 238 491 398 52 292 28 498 425 34 208 58 101 207 201 173 253 448 264 310 186 88 465 290 428 62 410
 167 165 39 434 253 56 241 227 245 166 139 485 460 255 27 121 292 188 341 147 205 488 105 138 31 168 330 396 439 67 157 40 211 430 122 310 470 77 92 468 312 102 31 287 374 173 289 360 445 208 78 423 129 432 249 39 155 132 306 159 442 2 457 169 254 99 111 281 346 178 376 384 436 8 92 58 259 55 190 280 68 196 2 434 388 213 190 4 377 463 19 363 94 72 172 327 52 169 159 387
 490 337 123 36 129 273 11 193 153 167 45 126 122 465 297 356 183 120 450 349 491 356 73 388 448 45 225 471 232 70 215 171 462 190 351 104 310 132 38 290 120 475 350 262 475 406 478 65 273 136 3 118 273 319 172 118 347 82 488 373 367 388 361 378 417 299 255 155 40 98 26 483 285 174 121 172 330 259 127 476 138 173 71 366 68 405 84 137 124 74 317 461 133 447 211 24 231 194 282 307
 250 29 196 109 492 49 286 460 372 468 423 475 320 340 292 74 164 476 409 300 171 305 16 14 148 417 243 397 73 294 294 134 49 295 331 43 376 115 257 81 120 130 183 412 381 171 17 111 488 175 115 468 171 487 69 433 139 248 39 217 135 448 170 493 184 75 10 95 134 84 162 380 271 348 213 448 141 329 118 390 108 487 234 201 260 29 212 471 4 468 241 243 132 235 434 432 44 130 219 379
 450 328 309 285 428 271 458 407 445 471 75 22 2 178 362 367 403 34 397 266 284 111 327 204 37 91 130 47 193 495 469 445 262 112 26 112 68 126 230 421 429 419 192 162 283 91 231 265 88 499 24 78 158 331 140 64 149 452 214 357 66 54 407 379 73 199 17 333 342 453 370 321 484 152 149 389 478 346 370 201 290 114 406 21 215 287 52 291 221 111 162 235 8 432 479 237 137 209 275 199
 276 68 316 444 294 347 378 100 481 108 405 481 46 269 409 325 450 220 71 357 333 127 94 405 2 368 228 45 3 31 470 156 299 100 377 130 301 106 491 115 400 156 298 418 415 12 278 75 232 181 37 201 52 149 382 443 209 110 298 133 206 140 491 230 253 488 426 455 466 196 120 338 412 278 107 292 178 317 278 11 104 462 86 269 238 324 346 349 392 254 397 267 74 12 407 70 350 484 398 231
 280 342 274 25 137 307 458 155 211 358 352 225 251 7 258 7 8 192 291 207 492 405 334 213 497 248 305 211 13 153 96 5 253 434 247 87 102 154 74 490 109 199 159 393 497 1 353 100 38 489 199 184 356 14 247 280 313 179 184 7 467 297 158 331 457 55 16 21 440 275 278 90 29 402 309 114 305 439 307 200 491 112 272 373 205 310 341 439 422 29 30 0 184 375 283 495 417 181 6 212
 226 207 192 215 114 389 393 306 316 397 389 462 56 420 424 450 435 99 456 472 285 451 274 51 471 312 39 58 485 253 123 161 177 260 303 361 301 311 218 271 309 228 197 315 481 433 289 479 81 199 229 357 313 328 64 372 44 154 57 12 268 138 225 459 112 293 431 260 49 213 42 202 205 363 129 156 232 332 213 375 284 42 394 347 248 400 31 99 28 452 303 388 399 96 383 349 64 239 228 416
 111 334 68 106 63 10 215 347 340 260 494 408 163 66 253 430 315 139 221 452 455 107 108 456 265 387 116 158 169 348 410 32 458 110 216 417 120 458 321 60 123 21 375 268 407 25 240 62 304 178 197 234 228 258 333 218 83 396 430 371 238 411 329 353 159 137 122 149 216 38 373 133 354 347 352 196 415 19 321 203 223 76 168 211 428 429 240 147 288 435 8 56 224 497 365 91 234 172 174 439
 402 126 401 440 168 167 100 88 460 386 327 84 176 322 360 157 274 152 122 255 109 10 286 169 450 252 34 426 30 202 137 43 66 447 264 95 386 336 13 192 454 48 189 138 486 367 182 272 359 4 139 21 298 327 380 17 185 406 149 310 384 108 293 337 274 464 154 212 423 371 198 143 484 4 369 301 1 287 258 378 219 408 52 395 362 17 122 30 300 195 388 198 423 196 143 317 263 489 362 108
 416 215 211 430 475 299 498 281 362 390 197 414 493 296 147 95 370 337 60 254 112 201 264 15 300 240 367 98 112 379 478 138 328 276 93 161 330 484 468 486 233 109 17 135 497 181 117 346 109 41 190 126 41 18 86 421 422 136 362 381 107 68 493 360 344 354 330 296 58 227 39 95 301 107 491 222 457 154 451 72 464 279 260 398 182 318 65 348 490 279 6 290 140 235 427 100 208 482 91 451
 74 472 303 257 11 208 72 207 466 47 468 237 38 127 431 477 271 83 172 428 227 420 361 33 12 169 401 423 151 279 332 58 435 244 184 392 330 397 231 474 31 309 87 4 460 124 77 161 454 111 285 100 347 278 238 402 431 440 133 129 234 401 386 472 336 306 207 120 287 121 315 26 293 395 330 311 150 202 327 292 12 206 75 202 155 30 92 380 12 195 176 22 468 93 103 98 150 307 458 101
 397 488 462 25 75 109 280 60 51 221 490 139 104 286 45 412 145 482 169 268 244 90 146 141 462 366 285 32 389 133 394 462 433 303 219 177 299 32 353 428 363 274 320 90 96 13 69 343 405 402 124 255 22 398 28 496 43 320 410 186 204 290 268 69 263 260 117 115 101 54 64 59 79 308 59 349 192 430 82 110 10 448 97 110 151 130 368 365 100 56 212 359 388 290 430 288 206 22 138 323
 454 114 31 332 447 3 162 43 41 54 120 67 329 14 176 264 74 414 316 33 9 65 102 205 408 455 102 456 374 406 477 404 238 225 165 401 6 199 264 385 395 248 15 68 218 383 397 496 144 387 350 484 205 35 475 262 105 191 298 217 173 198 46 48 44 181 247 384 321 433 255 208 449 188 235 474 360 36 280 473 352 496 284 241 113 83 177 155 226 410 136 110 260 341 205 97 265 353 387 406
 212 133 202 461 271 94 312 113 159 379 61 180 332 37 492 262 448 252 267 432 428 138 330 253 90 172 31 248 273 157 494 327 22 457 389 487 71 231 379 49 80 482 424 257 121 47 488 309 219 14 253 457 7 145 126 460 369 257 82 85 42 54 148 242 387 459 316 209 230 174 362 118 343 377 1 464 169 409 79 79 153 1 127 213 398 314 207 52 329 326 367 275 459 83 422 21 432 118 467 170
 7 43 326 123 459 487 409 412 64 51 173 76 75 78 329 341 446 38 481 317 227 267 306 376 82 293 290 230 109 379 470 339 100 307 132 373 161 200 210 335 33 213 10 468 260 0 15 297 402 288 260 82 343 466 376 294 76 346 257 442 357 76 241 464 277 441 6 180 45 64 185 83 213 412 430 498 313 452 289 461 391 80 188 145 248 133 159 58 12 184 232 269 141 243 109 217 287 233 242 324
 390 56 331 129 380 11 337 76 326 44 472 261 212 242 473 268 271 12 29 352 406 23 150 487 181 108 384 122 482 52 230 321 304 115 90 65 217 383 235 416 450 87 98 317 38 147 423 488 495 469 304 176 112 425 314 179 23 290 327 322 121 41 196 458 152 305 124 66 48 247 460 167 290 314 188 64 216 210 410 77 65 34 218 417 156 268 94 131 206 373 183 82 105 156 427 261 322 155 76 234
 375 99 180 284 81 391 407 327 235 196 443 43 148 467 22 317 474 167 225 397 20 101 106 19 9 166 79 488 225 352 233 483 299 247 164 157 476 141 205 282 223 143 288 397 365 186 148 270 411 355 471 234 318 415 6 134 282 150 371 368 30 316 441 386 102 312 242 176 454 352 216 225 447 137 118 388 468 41 243 489 147 107 268 205 207 146 5 286 11 464 125 168 232 323 419 367 204 457 348 274
 288 472 483 339 84 342 170 1 392 39 173 110 341 475 43 40 320 358 409 218 229 44 260 358 280 114 139 434 201 158 12 83 470 110 105 162 485 464 10 222 401 385 17 316 489 91 131 273 44 275 5 489 72 139 224 408 449 392 57 18 24 204 332 203 319 338 328 348 107 489 40 7 17 478 35 485 33 400 157 410 328 282 28 84 83 272 370 63 272 218 273 137 49 158 234 42 375 154 111 406
 81 17 491 86 245 378 239 307 282 121 386 189 375 459 200 339 483 48 112 267 37 383 407 193 61 432 480 207 240 452 130 232 180 386 194 421 192 341 90 95 423 55 110 87 414 312 152 442 95 345 163 236 55 375 259 175 216 447 465 43 267 355 313 74 316 54 83 445 180 16 226 49 118 44 221 351 197 279 36 468 420 126 371 386 467 38 114 459 77 201 113 435 107 380 0 67 76 216 117 362
 57 14 308 489 99 479 480 199 231 223 184 79 97 392 417 440 364 217 434 40 117 9 215 428 430 238 247 200 153 185 160 112 464 143 140 86 275 325 209 81 316 472 376 321 443 461 275 323 167 147 436 36 179 224 129 381 128 301 94 81 182 280 140 103 65 336 47 365 230 328 66 454 278 211 377 399 110 460 59 196 15 28 17 413 16 248 310 117 458 137 29 170 172 169 281 282 47 488 263 7
 151 79 305 278 462 123 165 297 229 293 175 220 377 453 19 28 56 60 314 463 360 279 488 315 38 28 443 31 123 191 278 273 403 410 480 249 243 17 169 190 0 445 133 298 477 441 40 321 98 417 494 484 369 114 124 484 337 114 318 268 492 430 258 318 489 269 277 30 479 199 497 108 337 442 39 369 258 244 354 387 350 153 68 212 242 494 339 496 32 494 394 382 415 152 125 145 54 381 218 290
 126 336 46 161 485 127 335 268 296 239 223 408 393 418 89 219 26 236 183 292 228 281 27 264 175 465 442 145 417 14 118 470 361 53 354 350 175 381 256 176 317 497 354 450 251 100 173 8 62 47 222 432 437 129 174 44 81 138 292 63 3 282 161 476 116 175 447 63 468 134 442 437 174 54 403 202 319 238 73 393 445 295 438 96 310 9 317 84 429 170 209 495 448 43 363 452 150 419 295 272
 71 161 61 435 446 302 242 204 134 76 67 384 28 81 61 83 408 466 114 21 342 453 172 425 455 268 72 280 480 197 124 104 398 15 149 21 231 134 494 116 139 10 37 230 223 396 5 47 162 58 211 423 165 307 109 457 209 206 468 110 109 115 69 236 201 291 306 52 153 101 197 217 455 409 497 451 197 428 433 26 449 455 430 434 301 249 200 314 229 148 331 64 102 443 250 37 178 165 232 389
 129 148 103 176 306 256 225 70 142 62 153 413 248 304 349 361 179 222 73 73 212 234 5 264 314 376 234 456 126 89 227 90 331 218 446 478 91 43 400 277 276 305 492 220 484 130 454 54 214 331 268 162 261 76 166 70 54 307 75 68 24 96 387 487 222 111 411 29 351 110 229 102 68 129 228 311 417 239 256 327 383 411 114 433 353 207 126 348 226 55 272 296 253 261 445 418 254 359 398 321
 265 306 58 242 285 470 316 473 18 211 135 269 185 154 349 286 371 362 494 429 221 332 273 219 72 472 159 185 441 387 255 468 422 326 258 165 481 389 232 275 364 472 71 400 341 216 430 44 108 125 440 148 456 350 11 2 143 162 426 98 48 350 315 200 49 143 105 110 200 409 97 477 206 460 71 48 167 218 30 117 496 393 42 114 370 178 364 161 306 306 475 199 370 28 320 139 51 40 171 483
 11 215 281 423 169 494 49 8 466 403 35 299 374 337 134 367 196 115 429 404 238 228 328 36 221 166 304 219 203 113 360 262 42 417 373 345 320 99 213 313 299 479 51 203 223 209 422 486 421 122 250 451 327 261 379 395 209 167 441 300 422 270 176 128 176 325 141 291 64 181 101 231 53 315 128 400 430 74 244 21 326 85 356 249 332 84 351 27 199 131 161 96 300 196 223 265 53 443 338 232
 248 158 122 34 69 474 268 244 488 3 434 290 411 322 453 259 154 117 299 223 311 319 71 401 68 386 134 57 339 397 162 493 361 26 480 498 14 448 222 9 369 184 227 314 39 345 2 134 368 397 381 476 456 186 494 401 331 417 211 464 256 281 299 250 31 324 16 134 313 390 421 57 379 314 423 153 490 56 376 375 155 3 48 282 339 348 8 434 136 407 19 109 248 383 343 67 293 136 364 156
 414 146 247 366 237 399 154 299 177 361 466 305 370 291 120 409 419 154 332 389 404 254 491 157 88 381 180 91 324 394 493 314 20 495 99 304 65 30 152 284 196 252 307 203 46 197 285 324 413 75 474 309 194 202 157 240 35 421 69 128 171 39 240 365 164 406 253 325 128 68 213 143 203 219 457 128 51 202 223 1 329 11 318 360 475 269 115 494 375 75 289 64 363 322 235 497 329 245 273 303
 365 191 1 77 412 416 151 297 196 97 54 414 198 94 36 56 391 289 291 291 181 37 70 444 227 307 248 205 60 339 403 164 89 422 476 130 494 154 73 314 434 487 158 44 76 81 444 302 421 406 483 238 55 273 319 396 72 138 342 186 424 177 335 486 251 257 466 278 175 478 159 99 124 251 52 302 44 191 378 86 257 74 14 448 85 102 464 168 42 468 181 373 14 173 478 469 212 309 131 233
 243 19 257 459 231 349 46 178 438 72 354 52 197 259 112 269 418 41 345 395 224 297 260 236 445 441 490 167 8 465 428 478 171 445 235 360 162 53 53 91 385 265 105 428 210 272 301 53 227 336 18 66 311 131 177 180 358 21 408 19 46 462 483 467 27 280 141 80 466 144 354 464 38 309 309 329 411 238 436 388 440 94 255 21 206 328 323 416 381 380 325 48 106 274 150 422 402 245 435 288
 331 249 23 226 72 333 400 492 50 324 243 329 240 148 80 488 150 287 494 90 469 146 243 167 181 227 219 268 109 255 133 4 84 308 470 41 152 231 452 469 287 206 242 474 139 228 394 83 290 453 246 348 335 375 116 176 367 189 12 468 20 155 395 403 229 270 469 76 38 25 63 272 423 176 51 117 371 25 151 238 487 312 39 379 178 356 378 423 167 338 179 188 29 215 366 247 144 430 362 469
 441 431 275 461 434 71 159 291 225 391 184 40 400 434 94 71 27 267 183 215 226 400 242 130 327 101 136 146 110 128 88 358 366 359 82 215 399 270 350 335 252 339 346 198 170 431 69 280 129 183 362 410 96 410 284 163 52 441 283 369 322 480 151 388 376 383 191 103 306 430 240 255 21 380 435 236 273 226 349 169 61 173 266 250 4 181 489 499 209 325 329 36 341 219 422 171 24 234 25 314
 89 321 82 361 131 114 433 102 396 287 223 335 387 471 125 368 14 140 373 246 253 471 480 387 410 317 339 91 385 377 190 153 282 225 154 131 200 142 71 95 332 126 309 414 462 200 222 212 135 223 16 320 201 23 226 13 407 324 169 499 328 167 309 15 329 234 374 115 372 455 28 369 280 104 293 10 131 449 449 421 15 410 98 104 92 87 169 395 352 374 12 253 208 156 418 179 83 18 184 297
 316 241 166 462 349 88 457 463 297 233 22 417 209 30 167 219 223 201 232 366 407 106 336 175 210 56 37 44 267 27 166 203 224 117 96 267 18 258 419 349 121 496 265 310 378 186 67 289 181 60 447 143 441 240 174 398 6 276 134 399 50 20 231 55 79 125 146 28 444 375 358 283 322 342 22 297 393 295 474 174 43 289 134 265 128 309 388 450 291 151 162 348 436 302 86 83 86 240 288 145
 191 241 89 314 73 72 85 426 499 83 200 238 213 207 25 459 352 388 443 434 18 446 483 151 408 24 77 17 276 91 50 369 426 207 226 30 374 181 463 132 44 56 318 312 82 62 336 0 137 366 368 388 234 351 482 187 19 114 343 94 170 44 104 305 262 430 248 219 248 58 110 241 355 66 302 2 298 262 231 89 414 405 289 154 172 488 456 422 264 277 124 481 348 354 338 177 182 384 163 441
 475 53 200 159 328 472 426 110 339 412 358 242 219 19 435 241 123 173 451 474 12 63 28 424 145 205 392 365 79 316 115 491 92 180 119 147 341 482 328 249 167 43 45 131 265 496 331 465 440 380 196 48 75 303 191 329 385 210 50 297 216 323 80 402 195 147 204 389 335 80 214 194 2 384 105 48 208 202 136 109 194 15 404 468 136 402 117 413 221 176 153 93 70 7 366 211 135 320 276 153
 201 62 350 31 393 53 296 100 3 15 73 427 251 178 234 214 483 314 142 92 293 340 147 420 452 91 345 187 289 497 334 291 233 305 142 42 339 136 363 52 355 158 432 441 228 395 293 349 117 302 203 286 32 96 2 371 351 264 258 73 57 437 129 346 99 425 57 284 437 145 463 57 303 400 100 412 75 356 175 58 178 406 298 150 395 74 400 390 395 104 407 148 94 25 327 411 376 420 127 281
 3 214 2 348 28 52 333 104 228 445 187 377 177 247 28 114 94 490 207 237 387 194 429 159 384 144 343 2 279 32 252 61 412 249 106 16 189 6 183 481 110 240 317 498 35 488 58 36 364 94 269 363 468 430 329 323 132 34 273 451 434 116 396 388 29 10 346 304 479 163 302 314 474 447 269 465 312 373 418 353 269 460 384 306 221 289 405 128 66 436 197 477 102 1 391 29 277 487 473 75
 106 37 406 41 328 1 267 173 11 155 206 397 290 195 295 452 407 254 95 298 241 212 411 190 226 165 97 221 69 298 261 10 77 155 347 172 435 267 143 140 472 433 348 75 39 32 498 346 121 157 94 60 398 425 391 280 115 63 10 240 377 58 393 445 345 82 273 384 119 267 285 268 212 351 142 497 347 362 168 348 136 375 269 112 140 328 97 328 224 492 458 294 160 8 269 104 37 4 164 161
 193 455 493 314 155 330 179 273 71 309 199 242 364 326 250 420 292 107 437 34 411 298 101 131 170 83 309 26 118 112 136 418 29 211 15 386 364 137 151 252 90 122 466 127 160 477 300 153 202 337 304 182 212 368 396 466 452 415 309 141 495 410 66 113 218 378 120 247 312 316 118 250 77 279 489 260 217 137 15 251 277 58 268 211 268 438 433 252 270 28 85 263 449 215 232 436 413 192 486 479
 342 223 168 391 460 422 77 481 134 128 55 389 413 7 386 182 395 485 370 214 215 411 133 293 436 118 212 280 58 317 10 352 207 259 25 498 458 119 216 286 224 81 412 249 299 43 431 472 316 100 461 41 136 479 165 287 283 327 448 77 316 382 305 419 334 171 209 96 279 97 343 255 98 477 446 477 147 26 85 378 360 383 296 164 136 41 378 116 226 291 414 227 179 406 465 156 256 448 108 54
 192 280 378 88 349 303 81 494 156 173 322 55 298 247 25 282 112 403 414 310 178 73 485 401 360 373 0 390 449 425 174 133 221 288 458 372 440 359 341 420 355 199 257 238 43 451 402 294 216 231 366 247 119 209 332 204 399 160 437 71 260 250 459 408 413 170 361 316 208 25 315 415 260 176 257 318 378 263 278 409 159 153 275 196 45 120 229 48 323 373 215 497 446 79 116 150 341 365 193 444
 165 190 421 338 410 177 372 272 264 263 69 231 141 223 199 9 482 268 279 45 185 479 260 357 134 417 323 134 368 277 164 204 230 357 216 91 137 165 133 0 33 344 59 208 120 195 112 194 441 360 418 79 328 207 443 459 129 311 433 141 347 471 240 395 196 38 285 4 298 32 20 218 460 210 328 219 145 213 433 74 32 481 182 2 353 379 120 195 142 353 291 187 190 474 136 403 262 326 78 450
 5 366 497 262 158 339 56 382 491 383 101 130 311 461 403 401 151 82 327 112 258 180 411 24 296 206 443 302 37 88 381 36 125 184 476 87 450 329 23 351 183 475 470 195 172 243 317 137 371 261 84 344 469 43 339 408 126 283 275 449 268 272 308 340 123 161 281 306 265 15 73 483 312 184 107 255 448 280 188 38 185 323 127 409 174 166 218 330 127 482 191 356 344 371 41 440 146 170 292 347
 438 45 418 138 256 135 332 346 349 102 380 436 288 372 372 216 414 390 291 19 40 43 467 191 329 188 395 422 171 9 33 294 482 184 66 412 347 183 109 430 27 287 126 398 437 136 488 220 100 330 136 439 128 132 59 169 390 339 482 336 430 409 245 315 244 167 162 172 283 272 154 281 470 455 184 498 339 112 53 339 356 146 392 326 180 43 443 163 140 216 246 274 446 291 382 197 53 347 108 255
 441 346 399 368 109 304 452 42 299 115 400 499 144 346 67 116 7 67 239 165 330 292 267 262 231 473 153 386 73 82 214 465 31 10 492 439 16 312 388 307 340 497 310 358 366 447 233 53 446 156 319 19 317 82 385 95 127 234 411 408 375 82 118 414 17 295 494 434 136 35 286 109 47 199 277 350 30 44 294 276 321 387 272 421 168 415 112 304 423 14 258 144 208 98 258 378 423 393 483 377
 89 339 268 464 492 428 479 299 89 46 22 270 51 103 364 491 56 162 220 194 242 450 16 397 459 159 169 441 224 229 452 375 134 102 96 391 38 480 110 455 99 404 485 183 277 273 116 396 328 7 349 1 225 337 184 289 389 372 254 386 224 350 146 230 440 280 57 415 109 152 12 344 59 346 120 203 162 291 193 229 205 446 471 268 239 435 245 58 433 389 447 270 484 1 487 288 46 175 270 65
 83 399 44 420 342 216 425 217 395 19 45 166 315 252 427 241 242 128 133 102 400 443 83 385 88 120 385 53 437 333 493 298 161 337 478 253 459 99 1 423 491 209 38 3 193 44 83 398 146 33 263 399 42 41 294 223 411 77 462 151 432 377 45 385 306 46 338 232 99 426 281 179 151 307 19 423 284 218 445 492 460 157 231 281 214 235 276 315 318 399 256 289 64 476 310 61 232 231 328 168
 321 173 27 386 171 227 283 196 135 215 311 243 144 241 349 6 181 425 361 199 232 43 54 330 469 145 272 297 447 363 368 227 94 361 69 447 334 236 76 244 239 54 83 411 485 380 181 144 114 288 445 341 66 196 127 455 458 140 15 70 252 3 130 387 294 89 370 200 217 103 161 76 227 67 27 420 28 170 203 157 94 43 256 250 23 402 393 36 216 333 187 324 435 442 162 89 436 233 457 288
 383 487 178 320 104 363 209 233 72 331 375 123 340 259 354 170 332 170 19 493 334 105 37 275 307 132 68 321 444 481 192 54 493 476 287 260 50 361 24 319 210 48 105 475 445 10 132 80 13 471 157 401 81 147 411 375 240 221 364 191 347 334 230 347 122 354 364 263 384 293 4 114 58 164 18 264 177 186 348 430 305 133 371 422 328 231 454 43 364 286 246 463 153 104 399 19 247 334 197 50
 334 435 440 290 487 488 452 432 211 23 327 474 45 216 209 138 392 174 179 472 60 294 199 484 438 145 55 157 491 287 58 229 2 144 298 291 429 450 464 269 95 495 226 365 252 209 435 182 425 335 160 90 239 213 117 491 488 91 154 87 343 50 203 296 393 319 301 28 38 484 59 420 286 196 31 99 79 491 262 110 58 386 343 61 99 368 346 72 430 457 216 367 279 350 336 331 194 369 310 150
 291 110 223 185 380 226 332 336 93 442 384 61 491 44 234 285 132 82 212 435 330 232 129 62 66 379 342 34 459 353 479 77 159 382 90 180 416 31 48 275 459 31 410 65 137 104 407 165 51 35 29 176 164 482 345 472 193 489 123 492 384 35 101 197 399 446 346 444 271 301 198 318 328 493 201 232 280 138 69 75 360 372 20 206 14 357 184 169 243 461 229 146 342 27 264 402 30 177 93 103
 497 340 332 171 413 421 331 331 75 299 492 425 390 200 160 363 133 49 263 157 289 2 226 288 345 22 156 320 90 380 110 131 53 494 169 207 146 137 326 482 391 14 244 328 158 19 107 65 420 25 64 479 426 284 96 134 276 487 298 314 179 250 465 161 39 389 457 338 18 127 156 157 164 291 64 399 275 258 232 352 408 333 368 148 7 104 69 447 464 434 40 21 119 447 102 409 428 228 276 211
 46 34 279 483 309 450 186 260 342 271 159 422 80 333 324 448 444 221 327 149 340 224 336 9 287 292 253 478 404 260 74 444 269 235 98 405 346 88 477 497 215 113 156 18 250 430 178 131 404 323 497 278 13 456 468 154 321 67 62 94 486 43 131 459 216 229 465 24 436 344 174 471 345 493 243 307 178 70 476 184 311 26 155 459 498 78 286 299 381 451 389 331 371 184 291 77 475 480 215 290
 147 475 3 10 368 357 156 42 497 16 129 369 151 375 396 472 148 351 5 258 187 313 78 118 394 96 498 426 157 113 134 43 222 243 133 178 249 4 79 363 247 105 345 376 161 341 462 449 63 310 405 381 177 455 421 307 300 9 29 369 130 446 489 441 278 459 492 79 476 198 413 30 375 187 235 474 340 57 344 373 142 71 365 453 86 104 390 297 241 194 490 8 55 230 228 62 71 8 377 248
 24 400 236 386 202 189 173 363 242 386 250 117 265 294 99 66 168 148 246 414 472 467 358 409 80 370 15 71 264 92 414 494 430 229 149 433 223 352 166 15 411 84 301 173 150 184 150 243 240 208 355 64 461 493 138 413 412 240 231 20 197 186 65 397 485 234 165 21 75 227 286 101 416 67 367 117 186 24 126 50 69 295 143 44 14 175 468 364 284 103 6 45 315 346 156 201 6 389 10 123
 34 374 205 103 385 484 269 449 176 375 39 17 251 81 212 234 376 33 54 38 415 419 81 438 470 173 277 458 101 368 166 63 283 201 159 431 201 374 311 217 290 108 393 413 408 471 80 170 170 96 431 18 318 77 289 342 457 77 186 187 97 3 23 285 146 429 253 270 237 473 478 392 376 175 365 10 146 260 281 472 189 239 234 90 65 160 300 23 409 249 173 182 419 88 459 388 124 285 153 307
 460 446 468 299 155 36 425 316 97 440 301 415 336 346 433 308 179 412 75 327 133 222 125 165 478 45 65 289 53 78 360 432 23 116 467 346 23 268 110 110 222 432 71 360 453 381 59 197 12 274 23 26 346 310 30 401 175 25 381 292 480 194 475 303 173 3 337 97 247 454 93 374 201 315 7 55 24 389 280 53 442 345 231 210 403 136 208 121 5 73 394 321 94 299 428 317 415 324 428 235
 4 490 72 90 5 365 437 332 139 153 292 103 330 153 38 390 33 137 311 331 185 464 346 420 187 101 484 374 9 454 35 298 145 317 421 479 130 54 209 178 95 74 427 153 335 423 198 125 176 24 55 1 454 62 156 252 493 386 240 110 238 197 401 172 127 490 234 300 98 247 351 435 298 327 313 437 134 74 482 400 107 357 292 341 381 267 460 67 123 488 391 129 178 286 24 134 313 37 49 247
 450 39 107 293 60 400 446 428 202 418 74 51 279 472 402 329 486 336 111 267 91 51 196 306 430 148 347 80 244 335 429 282 221 383 169 101 369 325 118 406 229 464 410 498 283 18 401 413 116 220 407 109 90 261 53 255 82 371 226 258 100 71 269 338 37 498 213 291 315 447 258 314 235 146 338 316 120 454 370 279 108 336 365 237 147 352 117 322 282 239 37 35 164 209 335 119 246 460 131 415
 437 421 88 138 266 99 190 203 429 16 451 113 89 222 253 110 3 403 180 359 200 465 104 168 432 294 222 333 489 41 228 144 373 447 433 328 315 344 50 437 259 289 425 109 444 152 216 346 233 3 366 420 499 188 199 497 274 412 322 120 162 246 58 39 440 306 218 377 244 371 378 187 65 132 101 193 116 290 452 447 126 319 131 364 165 209 42 18 195 466 395 159 452 166 163 245 93 285 429 441
 401 327 422 241 141 449 189 261 270 494 39 466 341 63 263 250 407 22 106 43 346 397 301 136 304 161 225 292 197 252 388 484 122 324 110 6 24 493 163 483 398 286 339 147 411 259 382 143 224 90 273 308 49 195 464 165 221 484 450 332 487 388 282 169 70 99 87 244 324 23 398 262 479 418 94 317 312 476 440 75 408 226 448 364 268 427 140 171 428 46 220 371 144 184 362 202 397 119 175 333
 57 147 65 469 285 264 98 390 123 361 257 118 9 480 180 188 108 473 186 9 208 455 137 263 451 408 214 217 48 244 220 274 450 482 170 249 77 166 25 200 369 338 450 43 97 59 35 304 81 490 288 345 138 283 16 57 369 141 21 391 491 31 208 187 300 223 84 250 211 355 66 436 445 376 1 128 268 135 263 160 70 177 467 41 246 459 121 313 498 274 31 367 181 231 417 80 347 146 11 52
 226 28 325 370 120 58 459 419 143 5 59 287 404 82 308 198 155 179 468 51 309 279 360 295 403 488 497 8 238 267 183 42 259 308 426 430 141 209 205 165 365 427 370 375 282 298 297 420 477 493 217 339 486 136 420 57 196 143 390 488 457 219 236 309 166 247 405 163 57 231 486 118 103 92 326 158 45 424 184 83 350 419 48 168 51 406 491 275 89 499 447 353 469 177 138 446 130 290 14 435
 128 110 345 33 49 113 270 333 440 444 352 495 199 400 89 347 429 192 453 71 169 216 4 285 306 326 385 315 55 379 489 264 253 69 196 136 186 36 262 376 392 315 480 271 211 40 380 340 495 179 214 73 281 223 77 356 479 197 110 444 407 316 282 59 204 449 14 189 219 332 78 419 161 108 386 192 92 176 17 195 223 57 51 379 61 302 434 28 105 402 275 207 135 365 257 311 199 365 374 157
 179 402 174 481 450 439 413 114 74 231 204 116 497 136 106 320 168 204 291 343 172 25 177 138 21 253 31 366 287 245 186 240 355 73 26 167 103 433 41 93 182 166 166 390 378 464 52 231 251 102 312 466 378 35 177 47 333 64 434 222 235 62 421 410 291 369 254 201 374 328 46 153 464 27 341 195 262 435 198 221 17 334 109 449 262 407 1 244 327 382 247 1 409 134 187 106 322 206 498 463
 152 143 340 125 187 364 350 57 488 491 146 98 431 467 314 464 70 429 443 242 122 184 431 137 353 256 388 309 76 233 310 113 204 435 363 6 448 117 30 125 73 384 102 406 480 425 203 267 387 238 393 360 22 105 465 222 484 369 28 163 135 489 227 39 236 114 423 100 98 384 468 435 368 140 137 496 445 365 305 1 472 209 77 84 428 13 240 238 394 391 176 120 208 210 267 176 328 327 428 179
 282 267 395 106 134 137 350 385 361 102 326 432 262 298 14 204 192 437 402 212 46 353 266 100 426 61 364 313 201 70 314 483 363 222 65 415 342 259 211 130 21 148 228 174 296 41 396 213 493 295 274 363 80 27 67 259 10 365 432 430 19 152 190 291 70 435 409 455 301 236 287 253 277 176 149 231 23 251 174 143 0 10 395 496 10 70 412 488 175 142 105 55 281 156 422 85 47 220 75 472
 459 78 210 282 236 285 447 461 298 52 438 190 208 355 23 267 22 377 231 220 423 109 497 103 164 246 248 347 33 388 426 66 475 104 444 251 299 39 193 107 154 110 303 125 66 340 361 219 176 424 290 51 14 141 370 112 19 363 234 334 292 376 276 227 346 447 53 390 85 127 406 496 191 175 289 422 349 132 365 250 441 232 183 153 1 42 3 4 303 26 50 2 310 83 152 293 243 281 433 240
 43 468 360 345 256 38 444 287 322 328 403 142 192 400 376 130 192 45 124 288 147 299 158 310 396 301 335 458 479 97 312 274 145 374 470 490 34 267 185 433 309 219 327 300 447 72 359 357 186 77 408 360 56 291 428 492 353 286 479 300 41 424 18 465 82 121 404 119 116 279 258 308 353 489 206 212 359 169 262 411 340 226 249 468 246 457 487 210 39 223 297 252 290 108 444 64 374 146 314 307
 235 33 244 131 95 54 54 254 494 190 276 444 301 44 254 479 232 493 331 437 302 187 377 401 457 72 312 53 30 312 264 216 298 266 324 324 358 223 104 422 92 447 425 4 206 208 247 382 278 212 324 345 283 254 60 385 487 248 483 118 118 144 302 428 354 60 472 77 331 231 36 63 460 64 333 447 251 357 233 53 218 433 358 377 110 89 436 262 428 149 78 213 461 165 192 76 322 9 33 51
 421 278 283 182 155 406 224 96 155 328 466 452 325 56 461 411 6 123 206 213 235 330 387 67 372 487 414 448 68 53 452 410 61 457 419 99 69 488 350 13 394 115 151 427 286 25 457 397 416 412 127 234 273 427 196 339 490 454 361 451 57 406 468 321 243 55 310 22 233 299 99 28 201 376 172 178 119 97 38 488 307 209 133 245 277 121 460 231 212 107 443 115 435 98 188 190 178 56 463 47
 391 174 459 174 368 231 434 24 56 339 460 304 172 461 342 481 428 99 430 409 422 377 21 50 486 236 286 119 138 337 405 121 125 493 178 255 442 458 483 442 470 95 79 237 62 240 121 336 10 433 424 46 331 392 404 25 401 437 301 289 421 469 310 278 420 180 445 310 264 267 389 456 337 58 316 182 18 387 286 52 482 203 125 50 407 441 346 392 477 396 301 312 76 488 369 472 210 8 438 116
 162 62 398 14 344 159 457 4 104 329 368 494 176 34 317 297 376 275 357 159 490 121 258 36 182 54 222 244 31 220 475 186 23 173 208 415 16 215 123 304 407 494 81 146 101 129 80 471 483 306 356 417 283 165 172 348 373 292 189 253 59 212 202 70 223 362 266 45 88 48 231 219 76 202 388 343 405 5 94 187 271 375 14 147 144 390 179 70 5 485 74 281 413 121 333 484 431 281 199 210
 365 28 64 56 478 470 433 311 375 185 371 66 34 249 185 414 2 439 211 328 227 382 397 226 317 394 446 186 107 312 353 35 130 102 5 194 42 473 344 124 208 309 59 0 360 392 472 436 425 65 68 183 247 122 126 109 440 59 187 434 198 1 287 32 40 31 236 444 451 352 466 247 7 293 298 313 362 196 391 285 388 498 346 235 492 41 213 302 286 421 31 190 213 51 277 369 355 350 72 391
 414 138 53 228 481 98 401 405 140 446 210 155 8 349 9 51 182 403 22 65 70 362 54 452 379 399 279 493 46 407 357 87 430 327 150 2 50 227 474 339 121 157 109 356 40 6 354 169 99 401 437 9 381 45 163 421 21 103 269 45 189 131 302 356 488 307 177 127 469 300 190 221 185 6 288 285 185 366 7 431 472 154 23 368 178 475 100 300 414 422 135 17 38 457 489 258 404 431 343 277
 206 178 126 121 78 60 127 262 479 440 198 114 364 210 58 260 366 170 204 67 164 73 213 253 482 437 257 52 445 210 498 213 66 32 384 116 225 387 455 191 401 284 181 498 357 82 272 122 221 225 379 128 360 402 128 449 288 131 82 308 476 84 16 351 297 150 170 17 153 179 82 328 304 499 386 134 23 405 375 314 426 281 362 468 388 216 110 457 430 412 41 292 80 190 447 227 251 293 287 142
 336 93 269 84 447 228 268 44 495 11 261 280 305 56 23 467 156 483 448 212 452 463 4 277 134 91 293 193 258 336 102 273 114 176 493 457 499 195 114 250 393 465 341 83 91 49 495 81 327 404 75 307 379 281 444 270 305 11 305 292 185 163 85 235 12 440 212 329 267 133 118 477 128 418 402 444 424 297 82 465 358 266 173 418 303 404 165 17 250 139 147 349 410 7 35 16 114 326 32 436
 200 156 195 25 405 290 22 363 47 190 81 245 228 393 108 73 27 186 340 32 417 285 234 148 381 375 352 180 63 433 111 404 153 355 469 90 415 126 188 300 149 391 458 119 174 198 459 223 228 255 435 300 45 496 164 253 455 355 232 223 456 289 487 208 391 431 288 444 411 396 372 299 289 108 443 184 456 56 57 406 489 85 20 41 95 473 284 420 432 43 7 180 484 387 179 175 50 98 440 290
 365 307 494 487 204 398 434 76 393 307 148 240 267 430 493 247 122 350 354 220 215 152 73 20 292 110 226 290 441 415 205 105 344 452 458 150 270 324 325 202 26 416 191 38 193 122 356 377 135 454 386 114 385 133 390 251 351 270 278 121 249 451 267 101 368 89 116 190 234 30 178 136 454 41 398 160 40 499 440 129 469 6 73 182 125 55 54 385 390 411 38 124 333 120 106 494 54 437 0 96
 253 204 319 256 302 309 125 122 488 19 140 201 449 456 321 356 332 260 190 366 393 202 354 106 426 384 71 199 202 144 163 244 158 347 475 179 181 233 16 59 356 413 222 66 458 382 255 188 274 370 56 177 403 274 94 497 435 479 304 442 207 19 67 397 422 271 402 221 264 27 359 192 104 422 13 360 101 92 251 385 322 121 478 39 453 152 270 343 141 219 319 377 490 297 161 137 120 62 224 470
 246 62 194 129 334 437 173 294 42 284 62 205 329 23 342 409 366 323 146 313 231 466 458 433 190 447 342 466 41 390 397 17 80 174 241 98 87 322 230 282 236 356 458 58 482 366 174 476 491 435 203 195 70 160 399 274 240 291 220 205 344 234 477 155 242 92 472 447 14 21 8 238 128 364 429 245 377 286 24 171 199 100 99 396 358 283 148 300 400 119 393 330 62 350 316 485 463 7 40 376
 169 59 199 47 185 94 141 149 288 193 350 461 119 55 247 410 274 329 279 182 113 415 135 400 403 307 134 269 72 4 79 472 16 235 292 97 400 192 248 44 357 313 366 477 402 267 240 383 299 406 267 61 188 321 440 133 482 252 216 79 312 397 138 408 428 394 409 316 325 302 81 284 404 449 194 160 30 328 152 84 160 164 347 45 384 143 283 95 288 110 212 457 292 128 18 280 149 494 239 63
 498 190 223 114 354 182 249 418 164 331 473 97 422 33 125 14 254 416 52 171 484 383 339 409 107 101 2 464 98 201 303 436 254 90 440 434 75 135 47 163 66 259 477 198 325 252 304 352 141 301 154 205 107 85 146 216 378 146 17 63 300 99 183 337 411 393 211 424 38 12 168 7 252 488 318 442 480 410 420 411 182 189 179 357 368 112 47 394 249 257 245 427 490 474 369 103 350 188 0 224
 427 330 328 101 225 163 435 347 407 334 305 46 464 96 162 370 84 62 220 463 119 121 349 398 241 0 339 342 206 222 451 289 496 147 271 334 318 15 180 475 303 432 159 350 404 270 123 182 15 189 279 411 449 87 404 65 68 89 247 129 176 207 192 428 474 33 109 62 83 8 388 279 236 192 51 151 442 352 299 43 60 485 334 229 454 234 472 476 360 231 271 45 175 247 299 105 164 208 19 413
 399 302 345 98 181 147 307 49 273 445 372 326 491 20 396 378 106 498 60 263 413 0 461 443 412 143 65 136 344 95 311 215 366 414 282 358 487 336 160 344 118 278 475 58 26 180 273 127 439 48 428 409 430 243 196 105 119 122 228 225 130 2 94 335 145 127 183 369 177 183 406 107 488 77 456 317 214 356 372 405 471 478 248 19 255 121 420 123 87 340 13 123 47 477 41 110 152 350 212 296
 452 353 406 147 384 464 416 369 54 325 203 455 282 279 409 353 106 337 445 23 60 150 93 44 63 185 458 112 94 418 250 459 80 321 118 240 97 219 365 300 448 334 69 448 173 400 49 255 408 175 379 100 379 63 354 14 481 65 451 417 168 131 391 226 308 179 104 470 480 84 33 348 404 247 142 95 272 455 221 421 428 195 466 153 104 20 134 414 282 65 258 337 129 449 448 389 489 224 486 317
 337 233 130 69 375 472 195 77 194 19 229 203 336 270 246 219 86 387 251 280 121 286 381 188 258 261 414 91 382 403 258 104 67 498 86 177 417 426 26 78 348 292 290 36 16 119 91 302 470 498 439 231 259 67 491 21 323 114 31 98 387 404 475 53 290 405 239 3 29 372 340 250 165 207 406 13 153 435 10 409 388 76 217 44 131 292 19 357 383 56 492 292 82 264 257 458 151 144 451 230
 315 387 369 284 334 87 191 42 143 24 305 54 31 42 16 80 46 193 35 256 291 224 170 142 413 26 92 48 122 366 493 163 57 321 482 74 334 220 311 455 21 8 345 215 79 475 218 85 256 279 170 478 154 253 456 271 468 314 299 322 126 116 389 458 440 340 341 14 402 287 348 131 232 247 403 181 5 419 186 391 348 137 156 54 336 171 385 157 280 332 32 18 184 133 111 426 27 188 212 237
 334 431 97 144 323 483 9 368 73 79 0 256 123 364 289 486 31 203 283 162 485 293 275 106 268 353 311 197 284 383 457 379 377 456 69 380 287 202 101 304 266 85 456 482 216 171 465 276 113 232 349 467 126 256 342 63 177 105 393 321 87 259 274 79 143 362 226 116 487 236 142 181 165 499 262 299 476 278 412 165 90 106 303 176 155 290 150 101 199 179 441 167 185 191 422 179 198 42 279 248
 196 459 231 194 301 309 414 17 122 485 227 397 155 333 45 245 434 309 447 436 184 297 291 259 270 136 492 57 163 120 352 256 362 25 34 312 267 198 285 337 247 369 32 452 60 82 226 445 193 8 313 216 197 71 191 473 137 325 214 294 421 342 285 43 268 433 10 471 447 278 301 78 350 353 52 45 348 484 413 10 72 388 161 432 136 344 142 37 259 338 111 242 142 190 438 330 142 192 291 111
