 1619 1353 1327 1314 1318 1457 1391 1401 1259 1300 1373 1340 1315 1201 1314 1153 1494 1319 1207 1277 1202 1636 1330 1609 1360 1325 1504 1619 1274 1140 1245 1401 1033 1612 1437 1287 1204 1214 1524 1280 1077 1238 1197 1243 1316 1225 1374 1484 1155 1345
 1793 1350 1542 1608 1602 1634 1551 1615 1428 1580 1677 1527 1586 1473 1503 1393 1648 1564 1417 1401 1567 1890 1367 1879 1668 1641 1665 1884 1449 1340 1481 1413 1249 1786 1615 1383 1355 1336 1738 1530 1333 1398 1414 1615 1379 1395 1394 1658 1336 1552
 1465 1016 1065 1052 1384 1430 1238 1348 977 1414 1391 1255 1346 1159 1000 1035 1417 1343 1118 1042 1357 1428 1269 1306 1200 1334 1249 1567 1126 1023 1389 1299 904 1434 1406 1141 1141 1048 1424 1209 977 1184 1197 1248 1299 1273 1080 1316 1167 1367
 1281 902 1268 1062 1243 1209 1143 1223 887 1190 1199 1186 1144 1020 1127 955 1244 1181 1055 1008 1131 1329 1065 1345 1084 1289 1146 1464 1107 1096 1191 1226 881 1220 1186 1114 1072 936 1272 1173 1035 1008 1167 1072 1288 1156 1176 1290 998 1183
 1371 1006 1167 1262 1175 1292 1163 1183 1001 1210 1253 1118 1295 1218 1130 860 1135 1177 1104 1074 1254 1496 1068 1339 1228 1311 1356 1479 1204 1033 1263 1065 796 1299 1257 1200 1032 1192 1292 1111 1007 1158 1143 1197 1228 985 1074 1242 1014 1203
 1370 1157 1238 1041 1127 1256 1322 1232 1127 1130 1263 1287 1110 1154 1074 905 1354 1150 1178 965 1203 1431 1020 1451 1179 1252 1199 1481 1163 998 1201 1152 913 1471 1266 1106 1118 1076 1324 1186 980 1213 1171 1182 1135 1075 1127 1149 1014 1251
 1442 1009 1327 1242 1278 1423 1325 1340 1144 1501 1352 1290 1320 1100 1051 1125 1330 1347 1200 1068 1282 1557 1262 1493 1283 1446 1429 1731 1237 1182 1222 1362 1065 1521 1409 1192 1065 1093 1392 1413 1217 1093 1253 1328 1284 1233 1293 1511 1106 1408
 1396 972 1171 1019 1271 1378 1227 1173 1043 1189 1288 1309 1165 1124 1078 1000 1324 1317 1194 982 1196 1357 1231 1306 1106 1197 1099 1457 1018 882 1163 1322 953 1314 1193 1030 1067 950 1430 1173 1023 1108 1117 1125 1199 1227 1165 1379 1083 1376
 1485 1134 1142 1280 1440 1492 1216 1362 1103 1326 1326 1333 1184 1151 1305 1009 1372 1273 1130 964 1219 1585 1188 1464 1301 1368 1264 1562 1170 1208 1261 1383 960 1359 1430 1231 1091 1077 1334 1216 1058 1128 1100 1172 1186 1152 1146 1342 1076 1386
 1187 853 902 876 999 1089 925 963 751 1006 997 1074 1063 931 1117 808 997 1020 984 941 954 1282 1037 1158 1112 1006 1080 1216 875 760 1037 1018 856 1249 1072 955 928 840 955 1051 852 825 947 912 944 954 907 1071 814 1022
 1442 1193 1212 1347 1413 1496 1392 1270 1035 1480 1569 1418 1172 1267 1222 1154 1525 1401 1301 1055 1189 1653 1265 1645 1385 1416 1235 1554 1221 1176 1386 1351 995 1547 1364 1129 1201 1075 1483 1290 1148 1132 1078 1320 1328 1328 1331 1329 1133 1274
 1556 1209 1185 1121 1338 1389 1323 1330 1096 1415 1424 1400 1298 1159 1172 1218 1456 1409 1138 1147 1369 1489 1287 1359 1242 1380 1468 1605 1172 1096 1398 1270 979 1529 1531 1294 1230 1086 1382 1271 1055 1160 1260 1350 1324 1360 1223 1314 1059 1338
 1401 1053 1142 1012 1181 1379 1249 1155 1058 1348 1210 1263 1336 1173 1004 1074 1262 1217 1174 1090 1190 1459 1272 1357 1156 1199 1366 1484 1181 1128 1361 1268 879 1520 1269 1127 1051 990 1223 1212 971 1048 1141 1218 1225 1262 1176 1345 1174 1325
 1563 1177 1341 1310 1346 1511 1300 1403 1234 1326 1478 1537 1357 1229 1225 1203 1528 1492 1230 1291 1336 1592 1346 1665 1474 1603 1384 1638 1330 1157 1448 1373 1048 1609 1515 1358 1313 1154 1554 1292 1092 1258 1324 1310 1452 1341 1214 1500 1308 1562
 1317 1081 1182 1215 1118 1167 1174 1213 978 1094 1091 1124 1067 1151 1112 839 1111 1089 1044 1026 1084 1359 989 1290 1213 1210 1161 1359 1175 1049 1068 980 960 1281 1125 1143 1018 1026 1111 1138 949 1009 1015 1101 1149 962 1069 1221 975 1147
 1400 1036 1176 1200 1346 1225 1270 1217 867 1342 1408 1239 1262 1224 1112 965 1318 1140 1127 1052 1246 1672 1238 1424 1350 1317 1243 1446 1173 1099 1261 1152 954 1529 1304 1178 1005 1051 1231 1394 1113 1149 1255 1085 1246 989 1141 1293 1037 1255
 1658 1329 1419 1357 1460 1520 1443 1479 1257 1421 1677 1487 1529 1341 1324 1203 1606 1401 1260 1298 1439 1808 1340 1736 1568 1606 1527 1745 1457 1125 1580 1412 1010 1691 1578 1289 1442 1394 1650 1482 1296 1410 1330 1443 1407 1386 1225 1515 1346 1517
 1138 817 1102 1035 1150 1143 1099 1079 912 1089 1061 992 1060 920 1026 895 1185 1038 910 895 1097 1134 1101 1203 1117 1157 916 1202 1066 957 1164 1099 727 1123 1054 919 940 954 1169 985 883 990 1036 977 1242 1003 1039 1369 1023 1258
 1513 1141 1313 1361 1478 1462 1339 1377 1149 1242 1418 1333 1297 1305 1199 1075 1364 1396 1245 1122 1280 1561 1341 1579 1239 1398 1330 1652 1266 1141 1379 1293 962 1507 1484 1255 1150 1052 1435 1313 1101 1290 1274 1161 1318 1288 1260 1371 1157 1375
 1120 911 1135 1208 1077 1313 1172 1193 1013 1263 1162 1107 982 989 1045 1060 1258 1235 958 911 1102 1254 1140 1300 1120 1266 1323 1357 971 977 1089 1072 875 1364 1353 1008 992 842 1263 1124 904 1015 992 1062 1280 1025 1142 1160 983 1259
 1226 1006 1114 1158 1217 1329 1158 1110 1038 1143 1308 1250 1187 1116 1119 943 1264 1198 1124 1047 1095 1398 1084 1348 1094 1078 1231 1448 1274 1049 1277 1174 877 1396 1324 1190 896 1038 1262 1087 1029 1074 1140 1078 1239 1142 1160 1253 1034 1247
 1484 1172 1159 1079 1268 1331 1233 1355 1140 1281 1226 1334 1099 1043 1288 1070 1236 1293 1134 1102 1154 1440 1297 1456 1341 1249 1276 1583 1000 1060 1147 1472 1041 1352 1343 1158 1189 1010 1317 1158 987 1035 996 1254 1262 1254 1243 1349 1050 1268
 1646 1271 1333 1259 1313 1368 1339 1291 1174 1337 1346 1384 1283 1159 1364 1133 1405 1326 1157 1230 1234 1591 1287 1606 1314 1321 1438 1673 1276 1083 1195 1318 1099 1422 1354 1299 1154 1231 1542 1227 1074 1152 1236 1326 1388 1224 1353 1366 1136 1302
 1539 1087 1348 1313 1473 1505 1299 1366 1146 1358 1415 1349 1351 1333 1246 1196 1420 1360 1189 1126 1336 1497 1405 1582 1348 1503 1389 1584 1178 1161 1444 1312 1068 1561 1410 1335 1264 979 1542 1355 1042 1126 1327 1289 1326 1347 1250 1443 1135 1447
 1604 1104 1204 1198 1323 1392 1331 1390 1139 1279 1369 1485 1184 1257 1200 1172 1423 1309 1280 1094 1184 1518 1215 1512 1304 1357 1232 1604 1259 1137 1359 1365 1077 1598 1346 1239 1169 1071 1446 1244 994 1088 1139 1323 1195 1344 1319 1386 1170 1316
 1549 1144 1180 1178 1397 1447 1316 1438 1239 1378 1399 1400 1214 1196 1353 1208 1482 1471 1203 1185 1468 1444 1359 1417 1290 1379 1363 1682 1063 1079 1229 1274 1111 1502 1465 1175 1216 997 1481 1261 987 1272 1297 1435 1349 1266 1205 1227 1024 1390
 1393 1039 1280 1135 1399 1302 1282 1418 1080 1395 1512 1331 1433 1208 1243 1171 1341 1322 1075 1283 1394 1553 1241 1436 1521 1344 1386 1472 1205 1122 1372 1387 787 1469 1408 1121 1077 1112 1428 1225 1015 1275 1236 1271 1377 1171 1196 1491 1271 1465
 1643 1195 1315 1275 1303 1451 1394 1281 1255 1360 1431 1509 1324 1240 1342 1038 1496 1351 1308 1277 1320 1743 1409 1548 1487 1454 1459 1688 1330 1153 1442 1462 1102 1601 1396 1305 1168 1291 1460 1383 1175 1249 1296 1410 1321 1208 1358 1571 1247 1435
 1396 1057 1234 1111 1175 1285 1317 1273 1127 1285 1412 1282 1313 1209 1052 1081 1335 1277 1096 1193 1209 1582 1318 1408 1255 1319 1452 1489 1152 1139 1285 1263 884 1629 1438 1157 1064 1099 1347 1282 1015 1293 1183 1290 1310 1107 1240 1341 1108 1407
 1344 1033 1209 1078 1455 1442 1310 1241 1094 1346 1427 1369 1254 1206 1186 1144 1362 1250 1219 1036 1334 1440 1286 1509 1322 1450 1125 1484 1152 1045 1394 1322 899 1405 1330 1143 1233 964 1441 1271 980 1138 1283 1231 1283 1348 1124 1308 1206 1380
 1535 1127 1289 1305 1503 1525 1332 1377 1098 1444 1575 1398 1366 1184 1205 1184 1576 1440 1222 1206 1325 1627 1286 1618 1349 1534 1394 1619 1279 1046 1386 1355 1061 1506 1412 1361 1224 1156 1598 1338 1100 1244 1417 1318 1356 1282 1282 1400 1155 1449
 1339 868 944 1026 1093 1421 1106 1210 1075 1225 1289 1224 1207 1156 1134 995 1314 1178 1149 939 1183 1440 1127 1317 1265 1185 1428 1483 942 1002 1201 1229 967 1494 1367 1016 1049 974 1288 1047 943 1014 972 1088 1119 1009 1151 1269 1039 1326
 1161 970 1069 929 1076 1000 1052 1117 889 1090 1235 1175 1044 1149 860 797 1017 1134 896 1008 1037 1380 920 1215 1161 1122 1127 1203 968 851 1097 1057 784 1149 1054 1166 946 943 1193 1112 903 959 871 1055 960 999 897 1171 967 974
 1308 1103 1278 1183 1211 1168 1153 1302 1053 1081 1235 1116 1196 1158 1274 940 1139 1126 1050 1067 1087 1486 972 1480 1276 1251 1174 1366 1197 1057 1151 1229 906 1389 1275 1104 1038 1040 1229 1125 914 1105 969 1065 1099 1099 1150 1287 1105 1191
 1474 1154 1326 1256 1408 1453 1361 1331 1027 1447 1595 1376 1402 1173 1223 1216 1510 1347 1209 1211 1330 1667 1330 1628 1425 1488 1327 1554 1230 1120 1453 1232 834 1491 1408 1326 1166 1111 1568 1262 1013 1202 1238 1317 1337 1287 1203 1314 1208 1393
 1486 1157 1244 1351 1413 1608 1322 1319 1250 1435 1530 1505 1232 1296 1333 1194 1525 1311 1363 1122 1266 1671 1308 1676 1394 1516 1380 1637 1315 1331 1314 1378 1073 1514 1418 1399 1163 1101 1574 1256 1080 1189 1152 1246 1285 1176 1435 1480 1216 1419
 1456 1231 1308 1151 1261 1201 1272 1387 1209 1186 1218 1272 1135 1173 1123 1013 1268 1318 1180 1031 1325 1402 1205 1338 1330 1357 1343 1514 989 1037 1178 1136 969 1369 1266 1011 1125 973 1291 1331 1055 1111 1017 1301 1219 1141 1209 1305 979 1212
 1325 1129 1144 1153 1191 1170 1252 1159 1095 1162 1310 1185 1143 1164 1101 962 1143 1076 1102 993 1178 1562 1179 1420 1255 1269 1286 1475 1078 994 1214 1153 917 1316 1284 1070 1041 1090 1245 1271 1022 1083 1004 1220 1118 1111 1170 1211 982 1172
 1450 1254 1286 1244 1351 1368 1279 1298 1140 1394 1392 1283 1376 1136 1192 1054 1493 1352 1100 1201 1346 1567 1305 1670 1393 1407 1434 1594 1279 1200 1445 1274 953 1505 1404 1262 1190 1185 1478 1284 1112 1188 1235 1341 1518 1250 1174 1343 1188 1365
 1385 1132 1060 1013 1155 1226 1126 1161 1144 1100 1221 1162 1133 1060 1015 1145 1299 1120 1121 1128 1195 1421 1057 1417 1190 1185 1208 1426 1080 979 1082 1124 987 1418 1197 963 1100 923 1254 1081 925 1104 1033 1204 981 1092 1028 1178 1059 1235
 1253 1029 1240 998 1137 1151 1187 1306 932 1160 1239 1155 1191 1116 1112 890 1150 1241 1018 1141 1345 1394 1009 1441 1207 1235 1094 1483 1168 975 1195 1211 972 1255 1209 1139 1168 1006 1225 1110 1008 1161 1118 1134 1277 1180 938 1300 1146 1250
 1296 855 1138 1116 1235 1106 1102 1275 1033 1102 1230 1007 1154 1003 1090 1044 1291 1112 965 1053 1179 1231 1060 1158 1175 1122 1044 1269 978 906 1081 1015 891 1271 1055 899 936 888 1299 1033 786 1064 1051 1124 1217 993 1048 1200 967 1206
 1691 1242 1392 1439 1524 1477 1468 1548 1179 1561 1548 1422 1484 1467 1325 1308 1385 1518 1362 1439 1488 1922 1348 1750 1593 1561 1473 1812 1384 1314 1505 1320 1227 1665 1484 1413 1199 1202 1426 1419 1137 1342 1289 1442 1409 1347 1276 1581 1380 1556
 1399 1030 1086 1064 1230 1308 1090 1244 1012 1186 1306 1231 1083 1052 1041 1044 1321 1215 1119 993 1170 1407 1079 1344 1157 1343 1227 1455 1060 1080 1207 1267 857 1385 1345 1190 1058 965 1301 1119 948 1174 1112 1141 1068 1104 1140 1122 1035 1162
 1333 863 977 1039 1077 1232 1140 1034 853 1199 1167 1100 1195 1043 1065 1020 1085 1128 1132 981 1089 1315 1116 1241 1016 1069 1075 1466 1061 974 1135 1018 786 1271 1119 987 852 886 1109 969 813 944 1030 1068 1044 1140 1073 1130 929 1121
 1181 955 1108 1007 1045 1173 1065 1206 985 1120 1210 1148 1098 1089 1062 945 1251 1251 1007 1034 1129 1320 1008 1337 1202 1142 1211 1327 933 908 1149 1090 861 1369 1201 990 989 923 1256 1102 947 1084 919 1058 1084 984 1008 1200 983 1153
 1454 1167 1031 1056 1159 1306 1129 1213 996 1184 1399 1341 1232 1048 1073 1008 1421 1376 1134 1083 1225 1502 1172 1450 1303 1341 1195 1505 1069 1043 1355 1275 820 1485 1394 1104 1157 1063 1354 1010 1048 1143 1033 1159 1193 1242 1047 1253 1020 1253
 1429 1247 1161 1196 1427 1474 1286 1374 1052 1316 1515 1475 1238 1301 1217 1071 1353 1417 1217 1079 1228 1576 1270 1593 1350 1530 1265 1597 1218 1123 1360 1355 1078 1585 1581 1401 1249 1030 1426 1272 1013 1194 1109 1174 1205 1288 1193 1328 1110 1383
 1351 1043 1131 1099 1193 1285 1125 1233 1025 1166 1367 1129 1288 1077 1121 1088 1120 1118 1163 1151 1202 1485 1163 1384 1289 1225 1236 1506 1169 954 1203 1112 837 1368 1378 1120 1003 1054 1257 1212 980 1145 1105 1039 1173 1232 1050 1240 1051 1299
 1464 1081 1182 1043 1198 1317 1197 1357 1080 1260 1343 1315 1285 1172 1149 973 1426 1202 1182 1066 1254 1505 1146 1279 1384 1258 1344 1499 1032 964 1229 1266 883 1568 1305 1124 1184 1089 1406 1181 1062 1239 1093 1074 1270 1086 1133 1275 1070 1246
