 1141 1416 1124 1403 1264 1340 1070 1182 1315 1152 1405 1198 1392 1245 1096 1241 1174 1171 1290 1327 1126 1390 1039 1285 989 1306 1282 1255 1197 1040 1051 913 1086 1250 1091 1176 1355 1146 1076 1307 1155 1159 1261 1189 1079 1143 1310 1176 1221 1244
 1510 1523 1347 1487 1352 1396 1446 1140 1479 1248 1455 1345 1637 1291 1050 1465 1240 1390 1496 1428 1377 1476 1103 1345 1194 1390 1245 1347 1206 1104 1152 1161 1307 1440 1232 1247 1579 1430 1392 1244 1199 1259 1287 1162 1196 1212 1333 1308 1400 1397
 1074 1115 908 1085 929 1019 1141 937 999 1063 1166 871 1074 902 891 984 872 1055 1093 1055 1032 1054 948 951 983 982 977 1088 934 848 873 805 986 984 933 1038 1187 1068 978 902 991 878 1052 853 1003 930 1108 1139 852 1069
 1249 1470 1176 1476 1196 1164 1244 1219 1282 1162 1244 1232 1397 1069 1059 1114 1085 1242 1272 1207 1140 1299 1049 1196 1163 1223 1305 1182 1071 987 1121 952 1232 1266 1052 1254 1394 1390 1196 1127 1224 903 1160 1138 1300 1269 1190 1210 1236 1259
 1514 1529 1263 1505 1168 1459 1466 1215 1380 1366 1579 1243 1502 1253 1156 1356 1167 1530 1305 1392 1261 1374 1102 1446 1358 1395 1299 1333 1190 1083 1166 1119 1346 1468 1149 1260 1532 1282 1331 1278 1340 1259 1313 1086 1380 1340 1383 1370 1289 1571
 1424 1525 1377 1581 1368 1300 1276 1315 1272 1337 1387 1288 1553 1246 1202 1337 1262 1418 1361 1370 1285 1458 1122 1464 1261 1390 1324 1315 1252 1123 1243 921 1274 1448 1245 1332 1557 1427 1265 1268 1387 1076 1342 1243 1418 1461 1290 1236 1429 1387
 1418 1552 1237 1516 1330 1323 1427 1116 1360 1226 1510 1222 1529 1295 1158 1302 1247 1395 1387 1345 1368 1353 1112 1193 1258 1285 1372 1261 1134 1034 1179 1016 1364 1363 1266 1263 1443 1551 1333 1349 1268 1045 1346 1143 1244 1309 1336 1414 1191 1384
 1478 1727 1401 1678 1368 1469 1465 1370 1468 1425 1586 1403 1651 1413 1161 1435 1274 1640 1523 1581 1368 1593 1310 1559 1381 1373 1524 1418 1384 1142 1370 1213 1342 1496 1314 1392 1682 1527 1478 1617 1523 1253 1282 1342 1324 1457 1452 1478 1338 1699
 1565 1724 1546 1822 1340 1563 1519 1302 1530 1540 1589 1476 1719 1397 1278 1391 1478 1664 1547 1534 1540 1555 1338 1568 1452 1450 1515 1538 1465 1262 1328 1389 1476 1625 1353 1522 1755 1508 1452 1355 1573 1425 1385 1349 1567 1496 1643 1559 1506 1719
 1253 1338 1263 1385 1309 1184 1247 994 1201 1246 1255 1167 1301 1115 1069 1173 1141 1315 1225 1106 1149 1367 1010 1328 1122 1236 1257 1330 1103 912 1119 980 1202 1243 1031 1207 1344 1367 1148 1097 1185 1002 1200 1146 1282 1334 1299 1171 1269 1284
 1388 1599 1380 1552 1193 1438 1234 1130 1364 1325 1327 1280 1526 1289 1025 1411 1280 1461 1381 1355 1239 1426 1188 1438 1326 1370 1296 1300 1352 1017 1158 1145 1176 1478 1160 1324 1455 1375 1236 1420 1470 1286 1165 1285 1203 1400 1377 1278 1384 1529
 1292 1431 1341 1568 1205 1292 1281 1237 1211 1240 1453 1217 1409 1211 1138 1279 1230 1398 1242 1365 1307 1349 1162 1381 1050 1212 1409 1365 1201 1158 1206 1008 1212 1342 1169 1253 1490 1362 1201 1296 1326 1160 1326 1090 1254 1281 1316 1245 1294 1477
 1376 1575 1345 1578 1289 1515 1273 1278 1317 1274 1503 1235 1422 1241 1257 1270 1302 1594 1334 1546 1371 1543 1247 1468 1265 1341 1361 1370 1334 1049 1174 1151 1231 1504 1211 1400 1519 1322 1349 1374 1511 1239 1313 1145 1227 1256 1444 1518 1319 1436
 875 1071 1001 1127 975 1035 966 788 953 887 1074 873 949 831 826 917 892 1099 1031 1011 865 1071 850 1102 795 927 939 967 978 636 907 860 809 1015 824 847 1139 891 1083 937 970 905 768 981 914 1121 1006 950 941 1146
 1440 1507 1263 1596 1318 1500 1285 1177 1455 1392 1533 1346 1567 1327 1048 1354 1277 1284 1376 1495 1277 1422 1084 1485 1253 1451 1466 1400 1266 1052 1173 1199 1240 1375 1189 1348 1668 1326 1283 1344 1324 1216 1481 1227 1219 1321 1387 1327 1456 1442
 1369 1367 1243 1528 1132 1279 1390 1322 1334 1320 1390 1251 1425 1299 1139 1306 1163 1405 1400 1461 1250 1409 1154 1380 1239 1340 1387 1404 1247 1054 1131 1047 1265 1364 1180 1274 1631 1324 1311 1207 1312 1111 1328 983 1146 1297 1419 1316 1254 1537
 1566 1896 1335 1757 1383 1557 1717 1519 1596 1441 1780 1471 1591 1326 1298 1425 1265 1706 1569 1811 1569 1719 1352 1496 1392 1445 1586 1509 1354 1220 1357 1310 1636 1551 1424 1518 1834 1647 1545 1515 1525 1201 1430 1265 1529 1469 1622 1603 1396 1813
 1365 1645 1365 1563 1413 1483 1348 1182 1489 1384 1473 1354 1475 1343 1118 1375 1316 1430 1501 1438 1386 1542 1383 1479 1243 1348 1407 1335 1201 1170 1221 1165 1225 1427 1215 1272 1553 1433 1444 1483 1348 1186 1235 1415 1411 1305 1405 1523 1336 1424
 1291 1705 1516 1751 1554 1353 1530 1366 1489 1445 1719 1366 1573 1445 1229 1537 1354 1482 1648 1451 1421 1697 1300 1521 1238 1491 1526 1582 1444 1128 1446 1154 1476 1478 1352 1468 1633 1567 1381 1431 1420 1224 1548 1518 1352 1529 1549 1446 1477 1545
 1063 1257 1164 1246 1118 1094 1270 1093 1022 1145 1244 1022 1227 1067 954 1100 1004 1220 1267 1217 1012 1158 1064 1136 1064 1108 1130 1252 1126 894 1074 780 1170 1176 1054 1064 1317 1227 1231 1092 1159 1087 1257 947 985 1154 1294 1192 1116 1249
 1169 1398 1186 1375 1082 1079 1251 1104 1252 1146 1298 1042 1335 1139 997 1133 944 1354 1244 1285 1195 1383 1111 1155 1097 1096 1236 1203 1073 831 1052 985 1191 1253 1146 1161 1393 1224 1177 1099 1074 971 1008 980 1069 1112 1253 1154 1108 1345
 1401 1374 1301 1523 1252 1427 1495 1241 1217 1373 1520 1260 1525 1246 1124 1280 1263 1463 1324 1444 1275 1385 1115 1474 1232 1373 1406 1384 1442 1034 1290 1081 1338 1330 1344 1314 1620 1310 1396 1244 1380 1199 1376 1157 1304 1485 1386 1283 1326 1660
 1312 1532 1298 1529 1282 1387 1437 1207 1434 1316 1343 1246 1435 1322 1062 1312 1259 1459 1415 1429 1378 1461 1232 1414 1214 1216 1390 1338 1229 1090 1201 1105 1206 1306 1229 1354 1576 1360 1480 1392 1279 1221 1285 1298 1208 1282 1461 1339 1219 1491
 1358 1474 1237 1514 1173 1402 1389 1224 1294 1177 1486 1177 1305 1130 1195 1321 1119 1381 1278 1469 1301 1328 1089 1223 1100 1235 1219 1179 1274 941 1068 1080 1216 1333 1188 1413 1515 1287 1258 1141 1353 1182 1290 1041 1255 1158 1451 1282 1193 1467
 1453 1549 1410 1649 1422 1372 1446 1285 1434 1404 1501 1241 1499 1451 1271 1463 1331 1548 1550 1487 1393 1560 1321 1492 1333 1378 1536 1382 1358 1026 1293 1058 1383 1463 1365 1432 1665 1487 1355 1341 1382 1120 1342 1233 1395 1380 1475 1492 1355 1511
 1231 1305 1036 1317 1013 1229 1215 1056 1189 1128 1307 1137 1142 1153 876 1099 1064 1116 1156 1362 1184 1264 1079 1086 1103 1088 1313 1056 1049 1028 924 1028 1124 1085 1093 1095 1357 1249 1178 1236 1126 916 1085 982 1022 1064 1150 1149 1133 1376
 1194 1346 1092 1458 1097 1329 1327 1053 1094 1157 1409 1107 1227 1122 962 1146 1127 1264 1223 1295 1134 1243 1018 1216 1115 1178 1222 1291 1227 967 1150 972 1170 1183 1118 1158 1357 1304 1243 1233 1345 941 1239 1035 1087 1399 1122 1305 1039 1451
 1101 1143 1079 1299 1009 1127 1122 911 1147 1043 1173 1099 1335 995 896 1149 995 1051 1185 1204 1164 1152 1007 1118 887 1072 1189 1085 1082 897 1003 789 1046 1118 1041 1047 1180 1012 1021 955 1152 982 974 1015 1046 1096 1112 992 999 1212
 1474 1763 1496 1688 1423 1490 1565 1349 1577 1456 1547 1362 1616 1333 1192 1431 1383 1680 1674 1591 1485 1578 1435 1663 1329 1446 1591 1553 1426 1110 1430 1241 1457 1591 1339 1422 1686 1571 1650 1415 1472 1255 1352 1342 1453 1521 1528 1464 1445 1622
 1285 1340 1187 1339 1143 1346 1308 1075 1139 1189 1432 1083 1303 1048 998 1334 1059 1229 1294 1423 1102 1287 963 1333 1106 1263 1226 1216 1228 898 1138 1022 1116 1242 1066 1134 1511 1094 1184 1142 1209 1104 1151 973 1135 1187 1282 1176 1253 1398
 1319 1652 1280 1469 1368 1393 1349 1321 1284 1228 1471 1084 1526 1310 1133 1337 1051 1462 1337 1178 1281 1464 1185 1343 1160 1354 1232 1489 1217 962 1249 1070 1242 1420 1104 1306 1505 1349 1247 1287 1148 1097 1303 1276 1378 1213 1321 1390 1225 1479
 1251 1379 1145 1373 1154 1255 1219 1115 1171 1037 1229 1181 1435 1174 1071 1171 987 1254 1232 1382 1252 1331 1042 1183 1026 1168 1238 1153 1216 865 1132 986 1113 1233 1208 1323 1436 1169 1076 1122 1277 1040 1106 1117 1007 1086 1283 1126 1238 1389
 1139 1363 1200 1345 1262 1266 1244 976 1145 1179 1308 1061 1243 1141 894 1110 1159 1284 1285 1224 1208 1322 990 1336 1070 1131 1124 1297 1055 1009 1033 995 1125 1109 1097 1122 1280 1157 1214 1188 1163 1057 1118 1064 1210 1246 1338 1270 1104 1252
 1277 1426 1224 1328 1304 1199 1257 1180 1231 1211 1359 1151 1357 1246 1065 1161 1147 1368 1255 1323 1284 1456 1193 1271 1088 1238 1160 1182 1021 919 932 1059 1197 1335 1138 1299 1467 1324 1248 1188 1194 918 1112 1146 1279 1133 1365 1315 1124 1258
 1281 1473 1228 1358 1259 1253 1274 1150 1261 1189 1294 1319 1426 1227 1059 1281 1159 1326 1411 1313 1156 1461 1064 1259 1209 1320 1352 1174 1293 947 1211 948 1314 1339 1215 1255 1262 1368 1223 1241 1347 1131 1181 1153 1184 1300 1401 1246 1357 1253
 1336 1747 1483 1757 1459 1459 1409 1387 1442 1480 1563 1429 1539 1352 1300 1525 1335 1428 1570 1546 1480 1619 1281 1613 1253 1415 1443 1493 1325 1197 1386 1168 1242 1501 1288 1472 1781 1497 1408 1405 1517 1141 1439 1484 1457 1468 1486 1465 1387 1591
 1266 1550 1260 1487 1240 1314 1196 1327 1164 1292 1342 1053 1462 1186 1094 1232 1112 1448 1264 1305 1345 1420 1185 1403 1143 1225 1296 1403 1173 1067 1134 1040 1150 1304 1105 1277 1621 1390 1270 1359 1203 1089 1373 1120 1228 1233 1359 1265 1205 1532
 1364 1510 1423 1589 1474 1261 1492 1239 1283 1244 1427 1275 1491 1262 1158 1428 1292 1433 1490 1343 1325 1542 1201 1435 1145 1276 1294 1377 1138 1214 1212 991 1275 1356 1220 1346 1636 1406 1454 1367 1270 1186 1340 1383 1282 1380 1502 1369 1264 1527
 1310 1444 1227 1515 1301 1362 1265 1232 1194 1234 1551 1198 1478 1183 1108 1358 1057 1415 1353 1361 1171 1540 1148 1297 1250 1275 1240 1247 1258 977 1089 889 1214 1409 1329 1237 1483 1222 1316 1237 1284 1185 1285 1210 1239 1225 1245 1382 1242 1358
 1274 1292 1079 1376 1145 1224 1291 1171 1261 1131 1318 1089 1423 1160 1093 1204 1001 1329 1323 1232 1237 1259 1053 1190 1048 1193 1145 1243 1129 862 992 991 1200 1299 1048 1196 1384 1266 1235 1033 1173 994 1126 951 1166 1152 1248 1280 969 1336
 1361 1588 1249 1400 1347 1292 1218 1330 1217 1135 1380 1256 1409 1309 1054 1387 1115 1404 1401 1414 1181 1464 1153 1343 1175 1314 1378 1317 1376 1001 1296 891 1254 1384 1286 1282 1457 1429 1241 1335 1373 1104 1220 1168 1246 1273 1268 1356 1344 1356
 1123 1329 1206 1430 1147 1163 1186 1151 1157 1089 1295 1159 1326 1125 1014 1190 1093 1318 1236 1143 1197 1307 1070 1222 881 1139 1188 1191 1139 937 1057 1052 1212 1305 1093 1058 1231 1328 1233 1135 1145 976 1145 1019 1111 1142 1131 1163 1092 1330
 1300 1385 1227 1365 1227 1095 1327 1103 1193 1206 1450 1210 1383 1170 1153 1231 1114 1370 1379 1301 1166 1371 1050 1307 1320 1218 1309 1211 1229 885 1146 1062 1242 1296 1179 1271 1478 1372 1190 1230 1295 1024 1158 1141 1076 1224 1350 1341 1216 1407
 1416 1641 1457 1607 1398 1481 1330 1309 1315 1480 1507 1327 1542 1258 1252 1557 1365 1477 1472 1452 1321 1535 1207 1560 1255 1499 1337 1464 1419 1097 1348 1085 1229 1527 1219 1483 1672 1390 1337 1380 1572 1176 1419 1322 1373 1449 1446 1442 1347 1508
 1178 1483 1218 1279 1187 1157 1134 1095 1072 1267 1375 1213 1296 1064 952 1257 1081 1230 1340 1288 1141 1461 1006 1396 1099 1234 1194 1330 1174 946 1162 1060 1017 1232 1090 1151 1377 1325 1200 1215 1305 960 1123 1046 1072 1195 1254 1297 1158 1297
 1282 1496 1120 1435 1180 1263 1317 1102 1220 1231 1345 1175 1329 1100 1067 1133 1074 1286 1179 1422 1332 1392 1027 1217 1070 1135 1248 1197 1104 972 1244 1050 1124 1201 1208 1267 1465 1366 1306 1205 1214 1044 1254 1073 1085 1252 1293 1374 1088 1364
 1323 1531 1132 1306 1166 1241 1177 1096 1215 1172 1296 1096 1434 1001 1017 1254 960 1353 1246 1377 1183 1307 1012 1346 1154 1141 1143 1206 1071 809 1079 1019 1043 1366 1067 1180 1422 1190 1154 1184 1162 1073 996 1099 1183 1058 1295 1141 1177 1317
 1370 1460 1301 1509 1338 1263 1418 1139 1314 1212 1503 1286 1381 1256 1124 1224 1210 1344 1381 1433 1204 1503 1123 1355 1254 1347 1273 1269 1214 1007 1108 1146 1333 1319 1078 1310 1590 1434 1310 1276 1283 1099 1308 1169 1127 1295 1443 1368 1281 1459
 1258 1510 1232 1353 1218 1119 1329 1057 1251 1198 1425 1062 1243 1092 946 1185 1173 1378 1204 1197 1144 1383 1031 1246 1186 1242 1109 1153 1039 974 1095 979 1295 1292 1030 1160 1274 1321 1187 1250 1099 968 1138 1170 1237 1275 1216 1254 1191 1257
 1225 1371 1130 1367 1059 1082 1150 1124 1213 1171 1215 1084 1335 1036 968 1143 1075 1278 1217 1185 1173 1321 981 1332 1159 1176 1073 1148 1050 1030 1006 816 1098 1180 1028 1213 1278 1283 1105 1126 1257 943 1104 1118 1207 1382 1207 1179 1064 1321
