 115 173 224 124 434 311 141 321 371 263 69 378 314 71 464 379 212 451 150 356 147 250 163 476 282 67 435 316 190 210 269 263 438 392 135 347 321 355 23 103 391 397 444 494 393 146 348 324 52 48 373 264 458 187 273 494 443 38 254 474 211 272 222 96 273 170 272 217 43 319 163 462 463 93 278 32 270 384 432 372 454 109 125 200 178 85 197 481 424 94 173 266 18 164 11 77 214 303 206 32
 138 21 2 467 308 347 8 108 433 85 45 87 420 21 363 415 205 80 416 421 198 11 91 76 7 159 461 336 165 308 45 303 260 415 327 17 381 178 33 214 453 152 397 365 220 233 237 183 452 251 489 166 474 286 373 308 461 329 99 35 232 29 21 257 186 401 434 343 180 131 413 362 59 398 210 434 59 181 98 187 291 282 485 328 230 11 310 314 249 225 105 201 57 29 259 72 312 252 431 47
 167 273 136 12 63 310 284 123 217 92 415 363 142 499 51 192 182 497 86 162 163 4 168 193 486 201 418 139 118 380 7 292 8 197 387 72 165 213 462 54 137 486 162 59 348 435 415 300 480 80 81 100 43 461 251 205 365 156 479 66 7 104 162 37 405 483 9 167 149 411 132 488 73 372 434 375 303 197 45 369 114 390 408 129 384 68 434 296 47 299 421 177 200 384 134 416 66 306 43 135
 222 43 494 18 475 50 24 359 321 99 294 108 474 76 34 195 72 439 73 54 351 94 116 245 305 357 49 320 133 294 455 265 142 425 329 262 32 75 186 7 71 329 253 359 254 317 391 427 305 92 337 435 103 224 400 488 282 263 306 241 52 405 375 98 355 15 192 246 204 332 302 299 341 484 94 336 118 43 340 474 440 151 169 495 397 433 270 379 15 286 314 307 241 80 127 316 126 174 451 288
 455 388 216 164 270 32 302 241 468 478 168 394 185 221 94 86 30 222 381 70 168 213 363 443 314 290 461 125 70 141 287 78 180 408 431 476 388 116 404 220 207 103 91 465 135 206 447 196 34 115 85 430 96 276 487 135 196 293 327 408 497 325 155 99 85 312 415 96 73 21 472 176 474 190 254 178 204 257 376 110 249 159 199 41 240 348 66 8 10 373 332 32 493 49 359 434 304 275 28 101
 326 438 426 149 146 34 496 276 458 327 269 442 178 427 162 437 392 137 255 482 154 303 13 279 339 235 479 37 14 34 95 245 499 432 427 474 103 420 49 149 354 347 399 445 99 15 146 400 0 98 290 346 222 450 65 448 363 483 140 155 126 276 331 270 100 243 251 89 229 459 378 436 164 354 313 400 58 310 180 360 327 255 183 182 119 368 184 19 317 71 313 136 22 285 148 95 488 250 448 29
 107 252 69 493 316 59 335 221 304 456 59 264 331 310 27 212 413 434 423 456 305 108 247 160 84 103 386 427 109 205 348 162 95 423 177 88 321 279 138 354 357 354 203 239 246 369 189 450 212 54 296 135 282 152 1 7 434 24 350 84 329 73 162 420 51 119 179 277 349 274 169 377 204 196 229 131 1 448 385 14 360 388 250 184 325 399 411 21 462 368 200 169 333 154 306 104 304 280 253 492
 150 175 456 204 339 465 412 499 340 168 339 351 436 388 386 447 130 185 161 415 29 248 362 234 192 423 349 76 185 103 198 185 133 290 304 310 488 134 260 119 163 92 356 8 25 492 274 448 281 253 212 195 462 300 122 243 100 497 330 33 264 308 278 25 253 300 327 3 384 466 137 215 453 158 52 99 447 203 141 464 178 487 103 470 131 379 227 412 367 399 406 272 112 406 454 90 160 293 492 191
 227 250 140 227 315 207 317 103 490 275 375 413 413 180 150 217 370 205 354 441 158 62 7 419 268 166 113 445 84 497 232 382 25 298 292 311 242 225 393 296 214 489 329 272 393 496 482 206 20 452 337 442 25 254 379 203 45 111 268 139 379 46 101 148 413 445 278 71 343 372 27 54 182 148 282 126 379 42 306 43 121 81 478 12 104 490 310 149 455 94 197 398 247 219 194 393 140 15 476 96
 85 180 48 353 159 348 406 345 287 299 106 466 21 351 237 193 455 354 398 148 317 187 270 168 280 466 420 389 119 429 161 152 283 319 326 269 413 175 106 251 385 386 179 245 267 272 1 14 453 108 57 191 385 485 354 143 192 343 193 204 31 59 334 492 140 372 48 407 252 271 409 75 328 332 132 283 144 380 86 452 96 185 242 68 181 413 210 397 46 352 47 6 299 104 161 85 481 93 475 5
 148 36 75 68 89 304 117 11 477 236 4 197 266 360 222 166 466 382 293 57 25 94 290 332 78 253 465 345 250 111 113 368 381 127 257 164 65 147 99 267 20 424 160 123 468 115 76 241 468 293 487 395 434 352 41 244 27 218 34 370 243 193 81 401 430 260 302 10 466 77 85 414 301 319 189 120 57 270 160 77 455 141 105 167 197 311 196 443 43 270 49 43 376 283 275 106 316 138 486 470
 428 217 163 184 354 286 387 226 11 126 143 326 162 143 118 344 358 34 231 426 26 401 152 391 184 431 136 249 223 257 281 356 405 331 197 373 177 480 174 264 424 51 39 8 63 38 230 348 312 219 203 323 344 164 150 160 92 395 451 32 411 407 52 464 235 93 132 145 44 350 7 433 13 88 375 403 364 395 1 315 344 278 174 296 369 135 272 113 340 39 284 189 339 361 358 38 380 312 187 228
 157 331 430 455 346 457 484 463 278 234 492 363 91 192 291 140 476 145 448 390 324 368 244 14 205 422 224 270 418 479 163 183 296 152 217 497 379 252 284 132 21 134 154 293 38 385 471 446 278 51 265 419 60 329 249 209 207 216 296 336 50 184 402 400 175 65 38 175 187 470 198 294 44 200 368 353 100 420 252 408 355 0 276 40 415 476 34 269 50 55 189 360 59 195 294 140 9 113 24 89
 432 486 266 326 269 327 208 311 236 270 409 85 327 397 156 77 146 266 140 486 406 116 440 415 119 421 307 228 249 61 468 251 160 114 269 6 386 364 180 80 329 278 299 65 246 437 45 34 326 105 157 324 218 27 251 323 56 178 451 50 388 0 88 461 308 42 102 144 324 22 448 322 80 465 89 304 471 305 279 167 448 465 484 43 132 243 17 90 247 153 284 364 350 11 70 164 396 331 401 450
 479 234 370 419 113 491 491 358 296 13 87 180 363 262 298 199 330 209 62 166 224 247 174 24 330 465 222 286 331 253 187 398 18 456 4 429 368 155 297 347 51 24 160 226 270 86 354 484 465 392 139 257 407 427 31 416 262 259 314 472 107 415 451 363 79 435 30 398 173 165 308 491 269 399 350 171 488 136 488 422 157 321 427 245 31 106 349 59 312 45 49 83 406 370 33 16 336 443 126 317
 475 102 403 75 22 417 170 100 226 14 276 370 66 243 302 464 222 335 163 305 153 34 52 425 425 309 354 363 130 9 366 125 76 258 275 213 81 419 131 46 276 465 179 478 51 467 300 265 490 75 54 69 193 158 113 256 320 29 72 275 377 185 249 284 430 492 426 158 223 0 333 292 86 408 128 71 13 325 118 144 200 158 181 101 76 410 250 82 63 305 466 188 157 314 204 397 78 377 370 459
 229 281 109 265 188 403 403 466 53 404 184 81 336 91 444 16 218 74 342 325 245 214 317 370 357 265 354 320 411 89 235 494 345 138 486 415 233 152 365 113 5 316 316 308 233 23 395 494 234 385 494 424 116 80 491 457 67 394 483 89 247 246 423 245 359 6 384 101 30 493 381 298 13 467 32 201 349 473 59 47 245 444 476 463 6 294 395 113 377 116 339 224 448 343 116 23 493 78 420 470
 435 442 131 136 119 14 275 388 26 174 307 288 143 35 251 277 100 193 18 138 152 371 63 193 35 242 342 239 6 69 369 280 496 120 144 74 437 144 381 213 461 425 56 159 288 37 212 420 237 252 122 396 188 89 222 448 416 252 439 103 125 452 471 74 77 90 187 162 284 99 187 200 470 7 265 205 8 86 142 391 343 88 17 352 320 255 117 354 315 52 489 458 315 258 126 76 429 58 108 11
 480 75 420 89 489 267 474 498 170 39 57 370 496 456 359 300 354 115 171 61 112 499 187 212 312 8 431 226 425 329 103 101 81 97 469 373 73 267 267 15 112 348 133 57 93 289 310 102 96 205 4 98 38 52 42 337 51 13 105 181 290 193 109 440 379 445 416 454 131 436 237 294 172 220 439 65 186 159 152 484 359 49 164 14 178 116 301 441 10 110 137 311 365 6 409 440 437 190 311 222
 459 116 127 209 159 84 42 24 447 9 137 472 423 230 396 303 40 466 60 160 363 391 369 169 385 68 64 309 21 393 326 279 437 251 153 194 384 232 135 443 132 459 131 492 304 320 371 143 412 287 495 266 59 7 379 291 165 49 213 355 433 173 95 411 101 264 344 323 165 370 104 350 384 271 48 234 57 452 153 228 42 135 23 327 14 99 367 198 176 300 40 450 410 407 416 152 339 416 342 195
 52 341 35 490 237 110 344 21 171 14 38 400 457 277 407 279 416 98 495 320 207 307 273 334 495 226 49 488 390 143 34 46 334 435 172 285 37 19 285 472 174 417 215 250 378 50 223 123 421 193 125 343 470 199 453 80 434 323 144 82 383 252 381 175 303 469 185 145 289 480 185 345 62 98 68 86 109 1 56 457 420 363 277 129 261 11 431 54 205 146 51 350 66 227 161 216 219 86 212 157
 348 313 435 191 67 248 175 395 38 51 105 446 78 345 129 28 496 151 371 262 329 398 277 156 39 193 425 132 346 419 13 392 460 51 436 162 425 120 242 419 477 259 347 391 27 167 59 335 210 473 446 270 258 343 63 312 22 414 74 487 219 87 310 408 451 330 435 10 375 453 204 41 90 362 32 350 403 380 407 61 60 163 211 212 484 235 4 114 86 61 283 445 75 39 257 440 306 193 224 15
 126 48 426 201 392 468 494 57 77 292 135 436 54 389 194 354 467 116 196 38 228 447 272 467 422 246 201 404 325 360 139 130 158 193 430 215 20 92 144 235 159 237 173 135 356 156 40 262 170 54 127 44 224 59 73 379 468 169 115 3 232 157 97 333 151 467 403 152 230 390 171 48 259 336 108 50 214 143 400 99 26 142 214 40 310 222 67 74 229 60 470 355 334 81 21 205 324 207 258 26
 398 196 306 151 494 472 225 57 495 136 42 129 239 227 68 186 270 240 141 44 152 426 362 292 293 43 183 158 331 308 73 338 19 479 361 338 180 47 466 444 420 396 206 412 249 450 461 287 43 252 227 382 459 103 83 92 191 321 400 205 130 423 315 269 443 318 193 232 173 257 242 251 134 257 249 375 232 475 362 397 387 306 106 206 104 113 122 288 161 371 31 420 150 191 416 213 172 231 468 289
 28 323 118 198 94 263 338 280 331 489 166 290 16 396 333 310 280 338 394 324 259 254 248 249 287 313 273 284 259 146 401 29 75 185 324 26 383 294 382 219 231 437 197 416 159 347 44 12 182 382 476 164 124 474 268 430 209 13 369 344 448 96 245 108 144 378 51 349 468 440 404 114 84 286 208 213 235 166 384 198 244 374 138 417 18 174 386 305 51 38 456 135 66 289 338 211 268 427 383 72
 168 400 472 490 46 65 110 331 250 30 344 423 132 1 46 441 87 371 442 81 454 392 179 415 27 340 327 388 250 379 369 244 192 276 430 435 473 21 47 104 94 226 460 3 287 172 132 46 332 256 53 262 331 105 341 162 433 237 100 24 364 39 484 431 332 81 203 138 260 231 288 383 244 444 313 353 81 123 146 22 373 162 182 452 23 262 478 31 437 378 198 104 152 38 364 383 268 466 258 385
 41 491 64 396 64 284 293 491 194 77 342 343 450 60 69 86 417 174 18 162 347 333 400 174 127 229 74 63 68 491 375 261 414 156 267 159 38 23 107 32 6 51 400 195 386 331 266 470 132 207 50 375 323 10 30 115 73 256 141 150 115 358 147 219 484 107 485 367 38 273 0 388 168 316 390 484 431 263 138 168 487 253 393 242 376 30 29 408 242 286 217 274 450 172 441 41 359 211 467 166
 483 89 34 339 33 437 118 97 415 283 360 414 111 193 28 283 444 152 76 132 354 11 187 278 465 416 205 345 382 165 424 184 486 400 312 498 225 465 243 334 59 192 117 473 64 467 94 198 277 474 431 162 436 149 93 222 172 244 432 78 367 384 461 495 244 78 482 307 140 281 426 247 398 465 475 209 446 270 195 171 480 69 435 12 450 437 410 114 471 452 425 288 164 345 377 392 70 97 309 275
 338 253 486 336 394 487 477 354 57 90 59 370 348 119 203 221 126 142 35 214 77 245 300 86 326 279 400 115 135 76 28 278 186 272 403 317 357 13 8 437 236 405 415 144 459 444 163 465 432 50 298 194 131 199 449 186 409 211 186 157 494 341 224 25 21 23 85 354 453 476 270 84 256 248 114 55 79 307 287 484 342 205 454 210 358 65 77 131 472 385 88 420 322 289 291 286 184 445 173 327
 232 180 238 257 197 182 472 384 26 309 128 350 27 444 456 134 367 236 235 297 313 140 349 25 416 259 171 435 212 3 394 100 330 336 236 246 339 485 466 128 306 262 245 467 466 127 182 18 89 243 216 160 462 305 177 345 156 499 348 442 224 184 13 181 41 64 329 445 198 33 267 229 476 349 315 375 304 137 174 399 411 27 427 28 188 463 477 163 310 131 384 77 231 1 148 135 7 126 195 76
 61 423 439 117 479 358 21 374 261 382 168 295 232 168 16 274 263 259 8 246 33 181 353 243 52 258 349 168 494 419 293 465 186 311 47 131 185 59 395 400 489 260 58 139 145 385 247 136 463 92 298 348 67 317 442 140 476 14 396 206 348 254 120 463 99 340 10 131 472 53 209 454 143 493 438 116 94 342 161 187 31 387 232 400 38 384 348 335 295 353 459 155 342 344 26 94 29 447 212 388
 181 390 352 134 385 293 96 89 107 309 341 296 484 324 424 282 427 98 346 194 37 385 408 373 331 48 98 374 243 359 466 428 236 454 219 373 377 165 478 405 136 191 451 197 270 142 153 357 101 314 488 216 197 7 271 199 25 360 309 259 211 293 278 222 413 109 322 436 484 368 194 362 180 343 200 228 413 338 352 475 14 332 174 429 45 342 2 384 54 184 102 197 403 257 51 422 107 54 414 418
 342 456 315 239 432 486 71 287 369 163 423 395 273 58 81 497 351 335 23 434 99 298 37 4 296 282 146 432 103 397 326 282 90 2 342 227 132 487 164 108 98 162 425 361 69 301 196 149 88 193 413 300 496 187 450 132 370 424 89 104 306 423 202 22 338 72 166 272 176 116 320 290 63 402 115 334 483 284 284 211 0 142 413 150 469 446 490 25 305 496 331 6 201 20 499 497 196 290 143 33
 80 53 494 460 465 476 407 220 215 365 224 308 67 434 458 100 289 36 116 300 285 102 20 387 167 287 448 434 245 303 326 82 211 351 150 152 240 499 147 412 316 312 136 468 272 347 448 482 422 368 64 367 33 137 465 477 199 429 93 323 337 248 389 279 58 6 65 157 328 344 375 482 460 34 488 480 68 410 139 112 146 488 419 471 474 218 169 493 412 21 58 323 328 89 475 361 230 349 93 439
 405 407 57 487 437 347 61 266 411 449 288 486 130 84 40 189 0 288 65 332 275 120 244 122 273 241 417 82 184 425 369 490 382 143 91 429 160 206 374 84 493 312 42 316 430 253 99 231 311 12 11 336 144 350 362 240 1 484 213 147 39 381 334 402 445 265 33 298 161 476 331 253 10 371 478 31 417 463 313 71 39 382 297 103 459 278 205 65 308 284 18 440 494 274 14 331 208 472 401 492
 92 392 345 192 394 253 134 41 121 125 477 316 87 145 370 408 316 112 71 86 262 198 452 366 368 336 440 69 95 25 377 433 188 367 370 155 312 146 176 171 420 256 163 405 365 38 143 10 394 433 111 49 399 9 296 239 102 402 492 473 0 208 301 220 343 452 481 261 205 459 268 498 315 279 24 344 479 356 187 119 263 33 14 375 27 286 257 361 24 252 95 193 14 328 475 133 299 340 487 390
 445 428 160 44 426 295 487 4 78 152 270 390 109 271 250 281 153 128 239 210 46 4 448 286 304 181 133 239 421 399 282 325 212 276 142 283 261 275 60 53 277 37 53 463 473 452 366 45 58 421 75 288 468 251 331 337 435 392 166 252 461 100 69 184 153 252 90 170 143 100 295 295 162 112 427 426 14 55 454 353 490 41 256 238 441 428 105 296 315 305 163 135 218 360 97 110 386 395 378 108
 54 290 325 62 123 232 176 83 14 129 455 379 237 425 202 455 274 140 369 449 16 323 371 32 454 466 425 152 29 2 240 219 92 272 21 322 218 82 280 186 371 202 280 473 287 497 65 53 323 370 71 411 113 107 234 303 207 115 157 420 475 428 175 70 442 383 372 107 308 66 380 239 106 405 225 277 363 240 354 55 136 40 472 361 224 108 356 293 478 142 209 323 84 250 40 445 175 62 409 282
 228 147 79 390 359 11 94 269 230 359 309 273 309 178 107 117 163 267 74 292 279 24 310 173 451 336 386 112 253 462 440 41 9 46 374 307 354 235 4 24 316 153 328 395 129 221 92 58 215 352 79 41 82 180 231 79 178 345 229 19 486 338 121 449 258 6 455 338 239 398 151 450 393 143 9 397 433 49 88 360 240 350 295 264 174 367 288 479 331 462 245 98 4 123 117 367 249 64 480 316
 477 227 237 19 129 141 71 167 214 109 29 335 493 309 75 134 232 285 378 414 287 126 271 229 393 353 171 21 60 243 461 251 421 127 84 107 499 214 2 309 313 330 238 359 308 266 394 269 16 5 440 489 318 34 70 241 289 7 107 437 203 128 140 141 43 373 251 82 181 490 147 144 465 475 236 408 179 49 496 43 442 8 226 443 272 209 139 444 218 437 490 273 464 59 459 428 435 150 147 216
 121 86 313 242 217 217 433 290 179 45 250 238 46 449 265 43 464 396 364 99 322 173 231 487 130 399 214 42 41 14 490 77 4 142 237 52 76 172 244 377 44 95 183 124 448 89 396 427 412 398 295 451 367 112 54 402 224 36 467 90 424 464 10 369 249 357 81 311 295 327 165 410 50 367 55 184 387 95 75 62 170 8 444 422 235 65 227 138 471 383 140 163 37 373 15 325 246 152 171 433
 122 274 237 191 440 52 287 350 260 44 231 248 31 78 249 422 395 245 63 450 403 376 384 303 184 20 391 43 421 43 27 284 317 87 311 357 232 294 458 37 47 188 370 384 255 215 44 37 238 243 186 124 252 474 12 265 289 58 36 457 172 229 363 211 296 403 283 413 408 370 344 343 348 114 351 168 141 52 392 109 474 53 262 79 253 162 495 253 360 82 194 97 129 6 289 9 130 345 362 157
 189 240 417 347 151 355 267 431 155 476 250 157 197 115 41 299 379 180 269 223 97 293 115 293 160 159 144 192 208 98 299 259 298 191 42 309 27 82 64 70 335 204 37 184 392 439 314 369 375 327 162 43 247 67 169 239 175 264 125 487 38 65 426 217 465 0 46 9 169 108 461 43 154 404 297 376 359 242 149 167 415 391 235 65 447 187 464 197 280 384 195 70 16 248 352 329 384 234 186 139
 193 152 26 179 124 71 75 168 54 350 231 210 215 454 171 89 453 273 454 62 53 180 406 101 158 327 264 26 257 486 109 108 263 343 336 370 456 457 270 408 52 299 215 78 229 385 119 400 177 195 141 258 376 495 78 152 331 355 126 304 286 104 427 270 431 413 46 145 368 71 282 196 283 193 410 184 143 10 154 228 310 118 68 308 334 2 388 83 24 96 483 259 143 495 180 2 404 305 357 22
 78 481 135 80 293 347 94 38 383 17 12 22 238 425 92 338 246 397 243 130 78 113 422 283 6 55 337 93 440 299 47 194 311 474 86 56 483 449 397 217 375 314 393 179 195 366 380 303 206 363 444 49 254 451 75 404 54 473 25 45 217 120 138 418 223 435 246 105 409 328 223 130 284 100 122 309 2 369 412 491 40 144 254 44 99 257 154 214 434 193 336 80 0 132 34 245 46 199 495 421
 442 220 322 320 9 331 254 474 135 199 176 23 277 9 329 268 116 356 416 137 67 182 487 364 440 70 145 130 443 163 70 345 380 36 224 126 456 488 5 252 421 100 9 117 253 214 289 87 88 444 160 197 341 469 461 319 311 347 197 291 84 15 438 274 101 25 232 454 31 111 19 101 42 419 290 326 4 306 415 86 492 392 498 214 379 70 62 8 235 15 225 79 407 394 460 14 338 378 267 111
 343 459 137 496 332 376 480 266 69 126 182 66 120 444 355 145 79 24 131 282 189 265 310 446 285 72 190 55 479 196 256 165 272 121 91 361 444 405 45 422 458 270 458 274 152 22 198 276 35 431 362 407 305 465 111 372 398 471 114 171 264 182 207 320 202 172 343 67 186 271 267 108 217 88 344 405 156 183 40 425 152 344 150 362 67 88 64 204 393 140 411 284 16 485 173 112 484 445 483 204
 486 457 274 438 363 263 331 177 247 94 239 78 266 411 348 343 43 50 417 161 388 354 154 297 485 125 16 409 208 99 62 343 355 45 432 390 380 425 107 181 234 396 397 253 217 267 206 30 492 138 231 216 1 174 378 98 1 29 147 375 232 283 61 468 463 259 495 46 23 35 288 296 277 304 497 296 349 341 167 247 456 281 109 18 393 155 279 486 249 266 283 310 153 169 386 84 60 0 455 48
 54 308 151 316 352 240 496 425 9 48 336 106 397 350 236 243 388 407 250 283 336 311 190 346 267 452 376 105 19 76 114 374 431 217 435 16 127 0 465 419 14 365 279 400 399 54 302 399 349 66 110 452 188 281 443 412 177 121 24 164 100 166 358 367 155 293 41 120 317 253 252 426 416 24 458 367 364 45 350 131 378 258 71 477 347 431 198 338 421 419 60 145 182 91 382 399 158 57 64 68
 63 379 18 121 39 280 297 464 115 114 461 377 309 432 77 290 247 462 120 217 73 115 67 113 230 346 391 246 180 320 492 17 90 325 234 318 443 181 379 132 327 425 265 410 483 262 233 236 170 410 452 278 178 0 361 346 97 68 168 212 160 419 9 69 239 20 416 392 155 33 216 489 493 88 201 371 208 480 70 445 288 486 250 311 284 159 187 74 21 301 77 469 43 214 32 313 477 495 124 320
 208 161 16 141 65 312 253 195 64 74 280 194 127 78 347 210 138 164 448 239 59 460 490 21 10 320 64 285 387 155 231 140 406 152 147 138 43 488 485 453 98 323 20 11 61 179 422 198 298 146 476 271 190 369 396 204 11 146 109 470 172 116 456 261 485 147 174 250 46 142 238 247 96 227 105 373 124 457 163 330 18 225 68 44 480 261 254 187 198 123 64 334 425 365 260 387 489 317 89 460
 352 442 432 312 380 151 47 470 162 452 107 496 59 83 411 384 343 8 140 236 229 440 288 27 286 262 181 90 394 48 274 199 319 233 261 180 475 375 19 444 448 146 64 415 185 385 121 330 352 157 443 184 262 76 33 179 87 345 341 7 483 56 115 117 428 230 3 19 140 310 120 150 69 130 393 175 360 94 278 138 431 361 290 464 462 268 16 408 244 287 100 140 205 314 119 77 314 291 477 25
 177 53 146 159 39 398 295 160 319 228 123 280 124 180 193 106 193 312 112 241 292 443 468 59 316 318 491 159 163 213 316 262 48 27 322 261 416 122 252 354 72 491 323 444 58 117 405 440 359 223 357 421 388 498 395 394 272 319 362 391 350 134 195 394 295 413 31 191 417 80 287 341 325 184 475 498 286 12 257 160 332 78 20 214 40 123 249 147 300 362 60 249 298 134 102 113 156 146 121 401
 146 221 5 269 23 131 370 294 445 382 161 64 219 208 492 27 144 284 136 149 366 282 73 461 88 201 69 283 339 223 101 58 23 175 284 154 150 375 192 168 21 151 306 475 365 238 397 252 216 197 210 64 168 404 318 436 188 158 441 260 362 128 137 280 391 138 354 41 353 288 89 100 158 150 423 353 386 47 251 265 355 415 470 119 375 76 174 296 381 309 373 73 440 404 364 398 144 54 219 376
 126 464 138 359 86 316 56 489 134 308 499 354 318 398 461 180 195 205 146 114 341 27 333 276 256 84 71 229 364 166 425 405 123 88 342 355 419 260 98 9 161 180 48 59 214 281 234 406 35 187 200 215 126 164 66 27 303 223 480 267 452 198 334 470 5 303 133 254 394 3 411 332 95 152 199 368 268 73 225 289 77 212 234 101 381 139 127 80 5 206 274 225 196 479 386 481 204 307 336 434
 99 436 14 14 459 432 446 486 63 421 110 189 235 221 72 494 406 317 152 257 58 368 493 299 235 245 295 444 119 92 274 225 474 128 392 444 318 19 252 295 66 150 378 30 162 185 232 60 317 469 286 12 161 106 446 98 99 139 359 237 156 103 127 133 383 287 383 72 8 206 430 200 96 224 132 69 246 398 360 453 385 472 56 295 215 71 64 16 166 178 382 263 221 380 76 420 237 260 366 451
 297 40 262 18 94 478 181 428 379 340 99 271 4 413 194 493 393 476 475 327 437 53 282 293 155 218 192 61 106 36 265 465 224 94 259 47 120 192 483 260 420 88 486 332 148 217 317 254 101 289 468 321 32 97 489 201 106 402 475 443 444 278 85 63 335 463 21 37 354 288 240 354 271 205 216 167 450 484 47 94 251 197 294 240 191 49 10 154 458 43 354 476 24 291 373 59 140 268 149 183
 96 19 232 60 298 281 217 488 358 221 91 129 225 253 97 270 273 22 130 188 63 474 451 479 273 250 453 371 156 153 133 200 265 124 49 332 70 193 310 27 11 76 462 271 173 228 254 49 224 304 248 171 8 355 53 24 205 8 498 441 135 285 396 182 366 440 61 452 462 79 9 160 99 71 454 300 448 419 264 464 410 54 236 35 386 65 405 363 218 57 223 351 332 124 87 8 59 486 216 270
 320 99 493 283 196 168 170 328 211 146 91 351 16 109 82 313 61 276 381 232 101 296 120 244 241 352 216 470 124 380 272 1 454 205 399 436 35 203 26 31 283 20 360 226 113 444 51 135 329 221 352 280 226 266 30 95 88 242 290 344 157 186 499 192 218 103 493 447 396 421 19 453 31 177 121 357 163 408 218 466 293 84 46 209 317 146 300 250 106 25 174 354 177 341 280 189 162 28 306 57
 215 205 384 203 53 242 161 192 208 292 471 334 491 412 192 332 290 24 126 80 495 255 463 440 289 189 276 471 342 2 190 488 315 80 474 219 187 167 349 163 414 493 11 368 229 438 141 213 340 398 480 129 226 244 413 26 486 213 422 314 52 306 34 377 105 478 183 43 271 123 327 382 63 351 45 26 88 221 442 169 320 134 147 165 9 293 244 180 109 74 270 130 354 475 313 149 381 6 417 313
 382 75 358 213 95 309 165 370 312 310 337 426 470 276 222 396 18 298 301 26 393 303 112 359 282 105 3 370 255 145 196 467 63 278 170 200 36 219 168 23 453 81 232 162 114 9 346 58 470 106 391 65 385 73 357 77 370 50 205 130 31 246 314 39 132 13 116 372 492 378 1 476 298 129 226 304 464 389 238 487 13 394 250 47 324 232 420 156 355 184 250 160 97 106 113 203 139 280 47 435
 229 186 120 251 336 343 80 227 315 415 126 120 335 57 275 441 499 499 30 69 48 407 130 443 192 160 12 122 141 174 207 83 165 414 258 271 363 134 17 25 120 460 354 187 324 88 325 396 122 38 493 386 159 144 230 449 445 449 208 132 394 11 37 454 233 315 30 256 339 439 153 469 451 35 239 57 175 162 152 311 221 82 163 12 202 343 165 289 336 493 244 97 194 169 136 442 92 209 24 26
 32 485 33 315 196 329 248 395 17 320 205 265 212 343 168 416 430 475 211 95 465 147 404 17 305 9 32 82 220 127 176 465 410 221 432 303 167 401 321 463 482 286 395 56 166 404 482 164 295 36 72 447 320 408 356 420 226 458 450 429 175 205 235 325 480 422 250 85 260 488 247 127 438 147 490 195 204 454 127 426 57 48 381 105 240 215 241 470 230 194 41 453 442 220 224 190 183 121 83 65
 258 430 125 81 293 443 491 177 370 393 131 165 140 16 465 313 418 381 82 395 289 153 153 105 357 428 248 172 231 374 224 95 298 278 63 87 154 8 93 144 292 260 404 248 43 315 45 299 202 393 144 255 415 64 259 321 108 116 185 323 340 224 124 475 368 152 286 236 366 231 348 23 218 431 100 305 431 231 303 471 256 76 269 478 320 446 329 217 271 321 265 187 462 312 164 221 112 421 256 256
 277 227 308 154 283 263 450 99 8 148 354 186 400 466 116 21 219 309 193 357 5 147 224 445 16 497 186 334 25 253 56 171 239 166 186 93 476 448 231 458 482 439 467 50 305 238 150 206 102 450 447 325 127 177 145 339 195 164 160 224 457 28 271 336 340 476 121 149 138 389 298 310 493 36 380 352 265 404 117 227 155 428 274 349 37 331 352 215 159 488 286 324 142 496 339 477 403 110 414 272
 262 59 51 147 220 90 452 365 458 225 340 302 71 356 90 409 291 206 321 247 340 402 154 247 169 320 435 346 258 312 59 203 431 373 166 329 348 82 275 307 381 29 419 289 45 109 7 166 261 270 233 445 138 166 322 319 246 66 120 365 431 81 250 58 112 424 400 12 493 479 102 80 453 319 302 338 279 45 262 298 242 434 382 415 456 223 238 50 432 406 460 451 259 441 71 242 124 408 320 488
 79 42 344 103 412 276 446 435 171 352 322 130 347 215 379 63 168 345 312 235 213 226 301 424 277 442 336 301 408 428 39 345 230 18 145 243 416 416 387 467 162 207 47 471 76 304 69 428 184 97 118 277 387 11 371 436 27 422 487 73 24 496 479 4 341 484 273 14 442 198 471 314 124 78 494 343 317 34 186 346 349 263 387 138 375 160 405 168 283 209 428 268 152 265 342 251 10 4 461 251
 86 490 324 28 5 456 146 256 310 108 201 289 314 419 352 421 217 474 415 202 327 424 221 388 92 27 176 208 103 433 100 398 368 265 417 421 149 322 415 129 378 443 435 257 165 199 332 482 341 400 29 152 404 478 396 76 495 17 35 289 493 115 279 151 356 439 231 209 243 483 410 365 271 291 483 350 256 230 415 125 258 288 384 32 37 272 105 227 402 40 325 48 20 224 13 190 273 299 324 136
 372 236 398 354 51 347 21 304 180 158 277 370 406 362 463 120 213 266 498 455 205 380 494 331 27 149 210 375 465 274 71 82 428 168 75 163 439 412 269 383 301 387 363 417 499 23 490 95 191 407 85 283 148 424 32 356 96 345 278 50 358 235 117 455 271 356 65 308 6 461 492 183 415 419 240 218 214 79 73 164 433 436 337 23 399 468 477 402 41 18 250 471 268 123 460 67 497 436 225 325
 446 111 265 205 358 435 441 406 275 441 293 173 169 384 191 131 173 449 444 349 451 400 85 415 401 126 335 27 205 67 498 394 301 153 476 207 201 217 120 363 61 466 113 493 136 272 206 47 112 479 326 409 114 16 476 336 44 499 94 5 233 166 329 215 5 484 58 318 217 497 436 118 306 381 6 168 269 144 138 195 170 273 362 358 357 146 5 407 104 442 134 311 419 172 53 400 340 175 254 35
 254 103 434 488 92 323 255 234 46 103 439 143 460 492 300 340 442 325 418 17 378 29 126 83 339 318 470 45 478 440 352 112 56 350 92 199 160 68 188 131 141 241 490 16 213 167 236 63 167 150 423 0 282 237 54 491 39 323 40 463 177 396 453 211 175 310 313 197 334 299 213 327 235 444 62 44 479 471 275 103 69 240 154 446 48 457 251 105 334 468 152 144 347 37 236 55 130 116 197 140
 325 108 283 194 12 117 427 284 228 252 368 332 420 436 409 318 99 482 20 27 43 288 121 102 218 299 389 432 179 156 272 406 199 192 393 401 160 195 446 401 53 265 476 222 460 173 179 135 177 447 317 260 419 345 191 491 208 453 449 497 116 73 227 86 138 459 120 178 66 95 14 309 94 102 174 346 468 108 385 331 140 462 70 336 290 488 303 489 286 252 191 472 402 72 214 452 447 152 314 394
 160 68 347 410 183 68 46 338 425 421 106 285 237 475 324 119 148 59 324 182 307 248 43 176 36 112 275 296 318 228 141 482 68 348 430 283 468 71 220 203 316 119 386 129 68 379 131 377 293 190 282 376 17 240 137 29 24 178 152 53 259 247 77 436 191 195 138 223 252 462 441 474 395 431 430 175 120 438 353 138 188 304 134 394 242 96 490 247 336 241 280 413 201 407 176 122 397 430 275 12
 192 198 460 86 386 108 368 451 467 323 204 66 142 314 299 203 467 397 125 146 413 370 488 12 393 355 236 466 325 361 74 341 296 179 73 270 215 463 495 469 67 347 403 121 359 424 357 257 260 59 147 142 271 121 66 432 240 337 401 266 353 51 193 422 460 140 156 360 380 63 332 421 1 230 250 131 83 129 48 455 77 209 435 484 54 37 237 10 264 278 393 113 55 393 259 379 200 29 398 251
 314 465 297 215 201 330 322 256 294 413 309 449 458 312 449 18 250 223 110 262 305 241 178 199 48 266 285 320 115 399 31 206 453 52 1 475 486 418 274 221 243 53 39 71 98 276 461 121 46 74 263 420 129 199 299 84 184 75 485 69 195 246 61 55 5 465 448 78 30 132 75 348 347 81 495 101 314 147 252 74 99 475 467 397 350 227 149 88 15 248 230 398 82 401 114 225 378 100 143 274
 355 325 467 63 98 88 432 303 238 116 217 219 337 101 118 391 437 114 127 471 168 4 89 295 469 141 53 208 483 412 177 337 410 416 276 120 420 423 498 390 426 9 260 198 192 385 345 248 211 19 445 217 168 319 324 196 203 381 91 96 6 310 178 253 191 270 369 73 9 189 269 56 286 331 366 321 296 51 435 26 413 475 359 250 115 194 93 290 254 446 214 82 329 65 363 192 350 158 159 108
 65 15 18 178 309 189 62 394 320 346 336 39 106 458 474 486 273 421 16 175 172 32 260 420 341 402 411 36 390 225 369 211 487 89 444 117 144 404 188 356 138 6 461 10 4 315 133 13 446 279 371 436 434 242 341 467 201 104 466 155 205 254 303 1 216 86 175 411 291 131 128 479 160 97 381 182 141 35 64 448 210 109 136 374 332 88 344 411 39 248 29 96 37 474 42 394 392 474 0 122
 370 471 79 366 231 168 364 177 203 281 468 5 36 7 179 236 278 223 5 5 217 362 99 159 251 449 209 406 159 479 438 452 353 127 48 223 235 66 338 170 499 358 160 233 241 324 98 485 108 207 336 135 336 69 68 56 63 222 276 117 432 114 365 359 367 248 320 49 23 121 392 481 188 173 233 49 73 472 387 35 437 7 466 219 36 214 24 483 344 405 223 207 97 154 122 246 126 122 258 480
 452 493 113 414 52 115 89 163 52 120 465 49 74 428 226 307 121 468 448 120 284 56 379 492 272 161 280 233 460 140 38 449 383 63 214 221 489 408 446 121 398 460 485 102 411 22 332 249 470 492 319 327 225 100 79 280 314 455 499 387 322 139 112 486 374 271 334 406 20 451 63 102 138 439 454 24 460 140 276 492 397 201 242 412 132 144 8 15 351 149 171 262 283 362 13 224 25 312 309 385
 249 16 245 81 465 334 112 54 353 114 363 351 484 340 248 435 285 430 124 10 247 343 117 357 37 390 84 359 138 174 171 290 204 53 375 368 379 104 360 452 73 113 209 172 52 372 333 404 156 342 201 103 333 232 84 120 162 282 178 188 51 335 113 6 497 415 381 138 348 74 292 122 262 249 436 166 389 54 153 8 264 405 323 235 446 196 213 215 288 167 493 337 38 329 486 327 359 65 236 131
 76 288 131 256 374 5 286 413 323 202 293 453 286 51 385 483 158 445 143 291 233 152 275 268 177 448 106 35 143 137 490 151 270 81 362 459 22 6 274 253 381 83 32 93 19 387 58 413 81 440 406 442 401 415 312 39 248 9 450 392 321 175 474 138 376 313 331 281 169 319 461 162 96 62 42 30 108 126 329 267 491 440 426 213 318 73 202 8 269 119 189 76 217 96 325 328 304 101 77 259
 401 349 253 216 4 454 228 86 324 155 27 348 203 455 128 132 126 388 127 433 27 375 155 13 43 492 265 325 275 353 372 414 188 212 301 288 377 172 385 259 54 3 226 255 271 253 59 408 91 296 6 336 45 165 377 313 362 94 289 30 173 232 345 444 51 127 366 80 491 347 5 35 37 337 346 458 249 163 231 231 59 68 144 140 316 400 310 67 127 274 205 209 189 463 355 499 470 454 222 201
 321 404 240 345 402 234 349 292 162 37 85 11 71 189 84 297 104 285 338 314 375 278 134 231 448 257 154 477 473 266 220 20 385 291 439 105 397 178 13 353 270 214 452 103 446 247 450 395 373 11 6 312 27 328 471 225 115 119 191 460 244 471 24 3 397 247 146 179 122 292 121 373 372 327 396 310 198 237 447 86 394 63 52 32 398 216 228 257 88 41 109 243 50 384 75 256 114 233 295 111
 297 73 342 184 202 31 142 190 385 331 17 86 141 449 415 394 347 411 158 389 235 342 212 337 316 498 160 177 260 36 288 197 261 460 82 414 262 7 305 210 492 74 491 479 320 200 188 302 193 20 92 84 430 331 232 240 318 177 307 232 26 201 184 449 475 34 332 291 61 226 1 90 355 150 434 413 376 104 397 72 305 97 442 369 47 339 98 91 416 192 161 251 145 27 471 291 251 478 389 375
 343 149 202 229 394 418 264 404 292 278 261 41 439 27 129 338 432 491 398 318 126 223 140 168 318 375 66 399 289 421 99 95 319 260 113 13 453 379 404 265 22 22 392 223 239 144 152 182 199 166 414 261 83 91 479 478 211 324 348 165 141 130 349 173 475 370 365 273 459 404 394 174 216 231 403 351 164 384 323 461 165 37 360 244 277 256 451 241 265 284 322 162 14 14 107 434 261 244 483 58
 193 310 15 376 336 58 493 374 100 126 230 263 453 263 107 39 46 85 146 421 423 148 222 444 398 389 118 35 134 473 222 130 323 17 162 448 272 410 130 186 13 123 310 312 121 333 491 134 387 87 231 474 99 374 178 16 239 442 437 230 54 370 194 202 137 388 239 100 225 488 139 400 492 35 6 128 227 187 241 234 379 445 383 28 207 138 282 99 70 38 468 109 449 342 279 434 43 124 231 306
 94 16 75 345 13 161 111 99 104 128 280 489 224 448 356 239 132 175 16 128 6 448 356 323 250 250 214 239 68 404 397 173 17 473 154 64 135 209 424 445 284 145 497 268 8 60 453 131 30 246 62 486 321 317 92 123 395 282 198 475 57 477 345 140 132 364 289 48 76 29 93 450 71 53 134 156 172 152 51 61 292 367 296 275 137 429 212 131 54 113 127 184 46 34 460 213 84 484 15 7
 366 142 310 499 4 425 169 451 276 468 308 215 48 345 484 78 468 11 28 494 368 443 22 388 155 176 436 263 253 154 136 96 462 410 44 306 129 356 274 403 0 429 459 346 160 244 128 391 176 395 201 228 481 265 402 97 88 106 284 226 487 449 45 223 404 405 342 188 188 467 243 474 144 59 16 75 497 421 119 229 477 322 166 181 308 95 179 229 472 205 285 102 405 238 133 208 352 339 64 294
 198 402 338 346 359 93 304 352 431 220 278 22 209 208 208 301 235 204 158 190 289 261 305 295 365 376 184 123 85 259 115 66 447 328 246 146 418 372 226 195 34 312 120 181 362 72 82 332 380 389 409 367 101 201 251 469 225 280 178 452 5 461 442 354 154 206 316 486 481 376 230 487 150 358 321 335 14 147 428 422 368 6 363 328 361 94 112 156 278 390 24 199 130 42 73 33 81 483 127 158
 60 28 273 407 126 41 21 290 359 464 430 211 291 130 141 357 176 147 382 257 392 401 57 280 333 78 45 115 186 132 115 170 19 356 194 237 279 70 21 107 445 72 13 12 280 165 333 454 204 13 175 466 134 34 274 95 374 480 9 371 470 184 448 282 377 65 341 392 197 177 280 26 478 319 484 199 169 468 418 67 255 179 343 44 42 32 133 493 364 105 393 15 133 428 455 434 8 499 338 280
 400 385 222 272 245 264 391 177 292 491 305 396 495 310 84 156 190 164 256 72 37 412 401 250 147 175 159 246 98 141 194 481 216 474 164 15 189 71 167 23 258 173 364 321 242 245 376 260 391 489 191 77 11 74 354 416 451 494 245 358 296 384 424 371 172 17 153 108 303 81 447 71 107 479 130 402 400 197 43 382 157 56 412 273 223 331 311 185 491 477 324 322 297 259 321 426 69 306 129 192
 271 42 19 63 151 396 60 219 459 18 415 180 271 241 361 334 33 402 449 61 213 43 204 443 187 207 24 418 444 460 461 50 361 305 412 34 473 205 276 33 97 199 406 112 23 371 102 190 116 75 450 113 34 65 353 471 400 76 485 255 30 124 444 449 192 167 465 351 359 174 129 86 312 177 204 1 167 102 161 216 342 119 313 275 141 206 472 339 29 85 164 409 374 430 338 375 42 64 366 252
 363 398 95 36 486 259 111 466 232 347 264 468 357 138 111 48 424 459 348 232 250 362 370 453 219 301 296 259 1 35 44 0 242 426 347 289 356 394 173 497 446 42 258 289 466 411 198 33 309 267 37 13 359 212 454 21 312 453 165 16 86 100 42 263 291 133 288 203 277 438 13 181 309 147 456 133 361 359 5 392 425 367 220 297 40 275 312 351 406 323 489 476 129 80 412 273 44 419 410 116
 227 386 68 134 56 144 133 7 318 41 8 426 440 55 308 114 328 402 153 9 453 443 436 254 117 43 54 58 231 406 206 282 68 142 85 108 161 276 421 63 0 462 460 464 454 114 301 475 112 318 460 397 445 64 175 342 124 392 377 14 358 308 58 472 249 19 320 419 98 341 184 205 424 194 228 433 339 352 3 107 168 155 101 13 73 463 497 252 376 172 368 405 199 293 317 370 374 201 377 484
 80 359 215 17 227 288 420 128 238 103 39 188 392 416 149 423 339 475 159 177 186 138 328 23 195 126 488 376 95 47 173 49 55 448 465 67 163 401 492 411 497 256 264 109 32 281 59 58 173 425 344 59 254 115 99 29 129 23 241 142 256 22 131 195 474 441 47 372 144 328 445 205 462 426 463 246 223 71 295 146 244 429 396 487 131 139 339 145 183 27 207 0 52 69 291 334 27 200 71 162
 364 310 91 70 485 51 79 155 187 246 133 283 28 126 87 337 491 117 480 464 75 170 179 230 496 433 434 211 404 145 8 154 205 190 248 94 388 23 288 108 298 441 430 129 164 180 386 130 392 98 32 143 262 46 375 96 24 70 187 436 498 416 55 209 137 489 122 1 262 63 354 94 17 397 85 212 334 244 456 136 211 305 89 436 472 232 213 310 156 343 490 151 241 480 38 241 246 98 156 79
 166 183 310 47 191 29 275 356 452 298 85 77 16 102 483 165 97 335 269 69 68 453 292 399 33 293 280 276 276 318 107 448 397 346 311 156 290 162 23 485 171 77 62 387 423 459 428 481 104 17 82 15 251 311 120 19 45 104 229 392 21 125 77 60 291 345 245 22 364 260 129 123 147 306 30 184 436 322 346 171 162 430 84 473 354 433 350 417 150 149 29 47 427 366 448 235 384 495 357 227
 122 426 205 126 236 37 133 103 214 207 77 321 176 19 135 20 377 13 331 132 224 259 21 252 332 30 376 90 447 333 122 73 392 404 408 415 101 41 408 192 234 75 431 78 52 484 60 178 172 381 26 268 415 219 437 127 386 280 131 107 258 258 212 306 318 347 473 276 340 418 49 214 360 294 34 494 470 84 74 421 247 9 175 261 71 104 239 312 398 153 227 67 363 87 156 392 200 83 180 62
 87 489 487 187 76 335 357 381 44 32 357 472 461 46 330 147 312 283 285 431 295 360 292 387 279 0 249 10 225 311 86 458 179 402 39 270 217 346 149 455 156 403 249 198 260 244 356 26 493 147 126 252 91 218 460 278 222 164 411 287 398 104 362 246 223 256 223 143 277 385 200 460 464 226 287 257 242 30 428 98 439 77 207 295 184 255 449 319 483 3 259 337 379 478 420 312 65 16 214 434
 62 145 153 8 322 88 399 448 360 240 499 395 14 281 470 28 95 334 19 388 288 234 68 451 412 88 21 335 283 97 385 452 269 197 385 43 322 334 243 55 185 84 99 281 282 186 218 403 464 495 240 228 363 365 78 137 165 230 200 95 195 208 302 487 482 51 126 110 98 368 105 114 411 444 38 488 78 13 480 320 15 456 230 414 441 392 189 155 85 73 73 7 387 349 427 48 369 91 415 47
