 481 45 0 37 348 76 472 277 440 273 450 359 396 34 416 356 222 101 230 445 82 497 68 481 147 7 416 359 253 342 68 63 74 50 337 24 394 413 64 42 174 3 15 121 70 460 271 293 445 307 224 127 110 449 354 96 37 498 119 325 275 236 482 199 182 358 218 455 135 490 326 245 361 458 455 348 390 368 114 297 52 76 88 341 282 358 482 460 83 92 50 100 232 380 328 57 149 398 177 426
 439 56 46 176 13 491 247 306 96 302 237 40 485 37 468 408 61 255 281 317 355 150 417 254 269 487 126 379 286 425 442 482 100 463 93 461 414 174 330 437 244 447 84 258 425 37 407 94 33 313 354 208 351 259 318 105 157 176 137 432 411 220 364 149 260 202 73 359 351 138 36 403 314 359 72 56 56 252 370 420 400 112 153 3 112 292 87 423 51 244 4 351 38 51 63 137 417 210 249 389
 313 3 126 347 101 269 232 368 30 116 291 87 219 407 406 211 377 420 180 191 422 126 343 338 493 13 247 136 453 26 350 477 97 183 55 56 58 317 337 159 39 314 261 241 434 326 154 100 428 297 51 72 167 131 154 228 297 386 125 56 373 367 226 74 428 379 207 108 222 285 41 298 242 61 264 284 341 370 248 111 243 139 282 252 266 475 178 385 481 83 296 251 32 321 232 0 309 54 394 258
 282 322 242 483 0 127 53 26 124 251 84 210 75 151 148 58 319 49 2 41 308 468 288 295 140 419 37 175 207 422 125 210 285 259 416 444 213 4 198 69 50 284 139 467 144 61 86 338 314 118 491 492 45 428 325 207 327 29 156 47 129 491 31 152 358 62 349 311 285 245 310 120 44 194 396 12 174 424 263 120 322 85 88 134 429 180 328 222 274 232 345 236 16 294 245 220 52 107 107 14
 320 426 350 175 114 113 187 383 125 17 203 380 304 31 13 463 236 392 341 330 317 444 208 122 116 387 22 498 236 411 102 311 193 378 248 178 388 312 389 375 460 139 198 346 340 443 66 39 406 59 138 394 412 292 162 453 341 81 82 322 434 130 252 332 17 458 91 253 150 435 153 151 380 151 129 159 362 146 92 23 455 165 425 334 135 9 130 310 143 248 73 441 22 95 327 268 372 313 396 276
 499 339 211 209 89 401 143 209 190 407 478 369 98 23 29 214 377 466 384 371 245 250 36 85 227 243 102 411 110 116 410 35 193 484 375 144 259 28 476 337 495 171 192 438 57 129 47 314 223 248 241 381 36 237 10 471 399 453 470 349 87 259 237 70 70 201 466 116 66 429 133 100 71 218 247 387 250 342 161 434 341 275 60 417 480 117 391 228 40 478 62 306 90 497 445 137 359 303 384 153
 189 291 473 232 328 271 198 202 174 475 289 251 483 374 245 154 205 91 308 234 239 478 358 70 217 38 31 404 175 169 303 79 9 326 89 455 31 427 413 473 488 168 275 459 325 282 317 367 379 382 12 319 204 484 114 261 30 116 454 292 184 124 17 318 214 272 231 471 99 189 73 351 126 47 390 203 126 410 499 398 405 239 23 257 495 240 435 99 62 288 262 435 8 132 289 395 424 351 81 166
 2 470 401 355 22 303 334 76 267 274 167 186 425 398 450 310 327 327 164 136 116 105 40 150 52 296 35 396 299 115 246 139 166 321 433 71 81 342 199 152 248 68 206 234 81 154 364 417 269 1 261 489 2 368 227 470 144 128 376 278 467 337 263 437 69 435 482 450 479 133 78 457 457 354 43 148 218 328 301 2 473 157 463 372 226 212 227 178 464 13 47 294 23 116 363 362 305 144 475 204
 360 167 417 193 98 140 454 131 487 263 422 204 15 332 49 371 302 451 373 469 44 279 328 62 104 42 438 393 126 491 80 217 104 193 167 86 298 271 223 183 242 24 117 381 287 6 147 96 280 33 156 257 71 357 44 267 314 224 77 226 370 89 81 169 130 250 165 271 39 35 447 440 69 39 405 300 68 494 126 29 376 359 496 205 282 124 98 194 493 68 26 5 259 225 235 72 23 135 413 136
 115 359 69 102 329 455 31 481 28 288 201 248 116 353 278 156 373 60 170 226 484 466 499 358 371 364 449 38 175 435 142 248 15 79 42 433 82 408 137 161 417 289 168 399 490 498 45 136 320 319 253 42 369 370 332 361 400 341 372 11 214 263 209 393 311 405 129 66 196 399 58 22 376 305 64 457 460 35 269 456 255 432 382 424 230 254 360 75 163 133 462 0 200 451 433 70 426 451 174 195
 471 380 58 465 397 247 4 498 24 459 82 72 197 369 441 19 388 353 275 470 95 124 261 147 268 194 330 495 173 241 297 117 210 362 330 338 91 204 184 429 151 59 349 424 252 207 91 271 131 421 269 39 254 373 353 393 256 140 40 100 485 208 199 229 490 346 261 206 460 439 345 492 276 415 57 436 410 197 266 224 18 471 159 419 314 312 96 243 466 499 436 230 144 387 123 453 355 123 131 115
 86 53 233 26 109 94 159 177 248 196 253 22 115 342 224 32 36 14 200 371 243 464 281 15 54 259 89 387 317 46 185 27 442 89 483 167 360 188 33 269 497 39 109 373 184 94 404 448 68 191 381 179 166 294 72 0 241 176 466 117 196 187 94 420 388 232 464 456 210 82 453 481 243 131 244 317 262 81 68 485 214 266 469 6 249 267 159 445 348 165 397 405 243 141 190 188 99 306 398 191
 75 452 423 30 420 319 73 30 353 445 47 413 93 232 74 219 78 151 128 59 138 127 374 38 484 333 2 205 141 42 12 309 375 193 337 418 121 93 324 449 1 86 297 447 447 25 311 20 174 7 223 68 496 369 129 172 177 406 217 65 232 313 382 310 301 30 57 27 22 310 306 412 449 161 275 286 402 488 413 476 329 187 150 346 158 108 243 258 51 297 219 307 141 398 129 63 479 175 103 255
 419 276 102 56 410 118 292 312 475 69 423 451 339 298 475 247 211 164 339 386 141 465 321 419 328 218 416 230 303 363 385 184 228 399 108 350 173 428 124 156 230 161 125 445 432 473 30 345 437 336 354 207 149 127 30 409 301 332 451 77 442 122 85 109 252 30 69 128 188 355 243 398 154 260 152 254 143 99 269 427 126 492 499 437 313 326 246 161 223 477 291 198 264 237 471 309 380 126 200 292
 447 153 282 298 89 305 446 274 477 125 78 497 31 445 334 429 343 59 333 347 112 29 499 59 372 52 41 478 388 319 333 341 144 363 68 100 493 109 497 233 174 254 36 471 452 147 195 61 216 150 48 283 370 235 219 418 412 130 493 327 172 111 113 338 9 288 54 264 179 391 69 191 210 447 420 52 113 421 499 350 383 410 378 305 254 252 140 369 458 328 378 248 480 221 423 449 475 286 190 466
 115 12 41 77 333 224 165 90 54 304 401 108 27 176 436 161 139 411 261 371 395 61 249 313 179 163 263 169 246 205 90 331 84 472 33 113 258 92 367 416 470 399 210 284 103 111 64 120 255 184 394 216 307 234 317 382 27 434 178 94 494 186 26 429 260 446 281 125 438 352 86 347 410 23 204 84 269 332 0 92 216 149 127 260 282 6 454 191 362 401 486 152 395 393 197 318 469 250 262 267
 330 327 311 145 274 96 13 122 219 14 408 474 260 92 397 459 107 99 496 264 181 73 90 67 396 245 267 268 320 74 299 297 159 366 189 487 118 481 41 340 117 90 414 415 205 405 379 101 415 254 172 38 295 97 199 199 111 455 60 232 381 279 260 33 88 72 29 105 82 378 38 212 365 52 308 474 295 157 134 306 467 205 173 395 174 66 303 240 494 490 61 147 36 140 94 165 48 110 137 340
 425 469 34 112 98 379 306 426 92 288 229 62 328 476 83 240 172 175 201 178 398 111 216 164 21 30 488 176 474 364 447 318 296 267 332 446 223 75 282 33 274 413 276 118 305 150 451 158 426 29 41 369 482 101 368 114 263 272 246 417 271 45 87 117 195 199 121 21 385 437 78 2 447 21 467 160 437 32 252 411 300 140 444 270 376 233 86 83 471 56 216 306 115 353 343 223 474 95 292 137
 428 17 461 256 493 275 307 369 499 217 354 17 206 159 413 399 442 107 68 102 9 482 255 126 418 13 469 146 141 195 389 34 236 159 92 401 221 444 75 62 4 58 358 438 408 147 461 74 49 310 473 115 129 60 102 189 23 309 109 72 19 380 429 212 428 229 362 60 58 275 131 153 468 3 255 356 361 35 178 49 301 222 122 122 398 399 470 211 120 245 137 175 358 402 310 39 93 318 55 269
 286 317 112 320 411 415 233 166 70 200 202 306 38 213 298 499 310 93 186 204 59 383 287 38 256 224 407 215 92 376 383 280 35 330 233 177 321 255 409 444 195 121 212 227 372 440 409 106 439 302 122 280 197 314 58 497 130 378 473 272 483 307 23 97 94 445 254 334 189 6 57 250 480 223 469 262 382 126 363 55 214 362 158 116 430 380 307 104 52 110 6 74 134 77 310 137 335 238 16 302
 12 373 420 360 325 266 8 458 117 477 425 102 219 284 291 486 354 449 85 359 249 33 81 86 79 135 473 298 250 354 97 389 254 387 395 266 213 221 177 427 433 457 322 24 390 452 292 267 32 182 408 478 266 174 354 334 388 496 238 429 451 381 232 234 115 337 312 140 18 165 405 148 350 359 247 275 282 391 477 168 337 495 184 357 0 195 490 215 139 193 227 94 437 351 354 115 335 266 426 138
 462 349 395 131 196 427 14 28 36 33 243 191 109 95 286 144 269 400 232 422 106 253 488 110 61 94 249 103 354 279 458 364 158 398 431 287 498 0 137 172 217 485 29 246 388 179 209 167 209 270 136 281 338 490 496 167 27 425 48 102 115 200 482 174 69 379 305 325 57 139 92 41 203 192 319 267 486 3 450 6 114 157 303 150 118 12 154 247 195 258 124 117 299 448 344 69 281 197 426 283
 409 463 209 457 30 309 410 292 255 77 127 422 127 320 376 20 236 416 333 9 241 185 159 214 90 128 244 67 228 199 477 70 290 81 90 419 88 365 177 224 210 208 58 121 243 428 79 178 178 358 290 60 496 440 187 98 408 207 112 101 235 374 418 158 244 392 190 410 347 27 4 262 140 418 23 297 79 288 413 282 205 249 483 494 146 356 16 269 176 374 274 356 246 350 58 119 246 357 430 364
 472 372 356 208 337 328 156 124 175 349 456 319 81 258 28 350 493 20 229 292 288 72 18 463 325 162 248 322 82 120 425 464 175 384 8 461 97 45 363 424 350 467 103 73 306 112 235 152 461 45 26 133 138 342 22 233 352 219 385 1 198 188 451 270 324 418 280 485 147 434 404 35 82 137 483 232 347 296 114 336 96 298 383 58 359 408 164 268 166 372 407 262 351 58 177 398 371 6 36 76
 293 418 269 479 1 31 382 12 446 49 64 90 293 209 53 393 355 357 283 275 120 346 372 467 33 213 37 108 423 322 221 398 1 410 76 259 20 426 287 229 309 404 218 318 335 190 403 336 229 230 344 17 258 236 40 386 167 234 58 144 441 407 322 179 280 381 440 327 279 42 339 299 417 417 62 372 359 222 41 182 359 126 6 136 476 351 321 82 219 152 493 466 237 252 372 248 374 292 334 83
 162 202 416 239 450 167 86 284 353 229 155 254 355 133 393 327 22 335 369 219 423 328 28 482 243 215 213 227 494 163 461 411 281 175 212 91 359 491 170 70 229 42 282 14 66 437 254 394 31 275 183 292 180 377 238 85 47 64 3 109 126 1 453 143 295 332 231 304 102 284 121 267 446 98 429 253 76 404 67 197 457 132 272 399 198 404 199 345 52 440 210 255 488 107 334 327 253 490 55 355
 333 431 211 249 390 276 489 95 472 230 475 240 442 5 491 431 152 341 344 319 52 427 40 283 269 36 93 227 91 69 46 86 249 339 104 217 259 329 93 460 80 368 275 244 447 439 240 184 456 107 336 12 457 212 123 451 429 405 377 55 61 396 108 443 246 477 393 16 410 149 489 172 226 330 465 447 319 81 463 482 24 415 231 142 300 428 23 113 396 85 299 240 339 243 491 432 491 33 401 240
 319 71 165 83 475 79 236 234 260 488 149 481 241 0 14 147 233 42 454 423 369 437 325 424 416 488 457 359 122 22 308 399 278 267 458 413 359 408 172 474 356 391 365 242 31 355 168 178 491 3 106 132 18 148 461 200 209 144 346 467 45 448 27 252 270 354 15 215 182 132 322 249 280 127 224 315 18 495 265 66 235 58 50 323 13 395 31 145 182 406 40 223 137 341 397 274 96 356 493 371
 252 288 161 129 360 208 148 425 329 229 342 129 442 204 99 182 495 146 357 13 491 104 5 1 278 18 150 355 408 132 162 98 344 275 325 324 276 285 339 325 329 389 398 398 474 273 144 224 376 392 193 46 340 210 212 4 84 326 250 402 282 255 36 445 203 410 379 336 60 419 345 133 155 62 325 121 315 272 157 297 303 114 183 199 356 373 250 232 138 95 286 235 146 169 243 58 113 373 82 308
 131 309 256 35 140 129 443 226 71 82 351 81 394 119 165 375 253 113 446 321 334 485 309 158 475 456 149 151 326 331 122 403 262 64 174 45 395 457 1 125 428 490 52 356 303 472 177 428 129 89 476 203 262 377 300 459 475 111 8 70 98 208 115 199 113 163 315 317 263 475 478 446 0 193 134 466 387 457 414 193 401 369 60 411 483 211 166 338 128 300 44 425 152 490 338 255 428 31 169 30
 55 366 211 497 481 62 477 88 6 453 269 454 177 467 463 75 329 182 475 479 75 28 95 227 253 146 31 115 107 196 42 463 124 107 498 106 420 38 344 32 23 96 293 211 148 192 260 392 135 10 259 283 76 10 279 52 97 175 92 235 365 93 281 498 22 429 338 478 20 308 471 139 272 11 234 180 91 375 107 158 207 209 211 364 474 67 23 272 420 399 119 55 112 335 279 346 305 89 116 103
 303 361 210 386 355 382 268 293 439 142 169 2 119 45 182 287 39 194 300 163 158 362 331 499 302 405 275 319 33 367 454 154 479 165 422 275 77 148 0 162 10 65 189 382 148 42 256 333 85 28 161 297 286 401 448 403 48 196 285 257 1 66 95 20 41 291 82 448 50 42 193 383 172 357 455 360 74 53 142 228 353 76 434 310 250 340 351 356 45 239 137 172 243 283 479 35 173 220 406 339
 50 51 76 269 487 406 104 291 448 149 11 186 167 59 27 242 460 98 79 124 147 475 436 336 25 369 243 485 107 339 459 22 160 420 35 346 330 435 243 166 292 195 463 365 238 265 125 161 369 315 101 496 56 251 365 157 387 433 450 440 34 409 312 364 434 453 120 56 196 381 364 311 128 79 259 143 132 193 491 3 396 389 347 369 61 20 189 340 71 374 92 82 160 366 421 332 390 477 111 357
 238 283 236 77 449 480 354 343 31 484 202 0 431 310 143 461 142 178 178 223 356 153 53 110 111 53 446 228 321 308 178 391 192 358 402 488 251 299 364 273 8 381 340 21 400 290 277 370 327 28 454 175 221 182 218 440 404 418 200 415 255 56 191 280 145 461 254 328 302 31 137 152 451 73 339 228 200 298 427 210 264 211 377 201 151 432 94 400 371 86 466 161 223 350 409 330 111 89 460 249
 70 393 110 490 440 119 443 387 463 397 239 243 24 78 189 99 134 168 386 106 231 89 413 226 459 385 325 328 416 146 269 3 294 393 255 206 102 256 402 360 325 337 248 284 264 354 144 39 162 141 225 318 94 98 180 310 233 34 90 277 277 175 204 406 415 62 398 168 223 92 50 345 158 459 223 257 224 402 306 20 158 396 439 12 150 426 23 337 286 40 16 95 30 129 370 106 181 188 65 497
 437 410 298 101 337 97 55 106 68 495 281 337 124 0 248 416 480 24 474 172 362 361 112 485 95 367 413 119 272 120 475 491 1 98 67 487 440 375 368 491 44 81 259 192 222 46 105 206 16 21 378 437 440 249 81 295 316 122 27 257 407 194 8 167 290 490 356 197 349 405 410 20 19 175 471 312 425 381 353 470 77 185 158 125 470 482 287 357 120 33 216 433 240 37 241 257 70 19 477 290
 148 125 162 481 483 310 426 25 405 147 265 85 337 155 478 61 438 357 254 487 56 149 63 425 229 34 409 210 151 336 287 86 159 198 263 182 42 49 247 259 337 5 75 69 86 15 387 167 301 200 7 449 24 158 160 43 35 361 212 188 307 191 184 77 241 74 14 75 193 169 66 274 135 377 413 464 469 454 172 433 483 91 389 420 312 155 447 497 322 484 243 305 88 208 151 283 417 265 410 400
 247 353 327 394 481 243 335 452 54 336 201 445 448 402 48 130 328 376 141 493 258 94 21 119 238 224 441 92 288 5 143 274 442 158 287 79 492 302 127 239 189 433 155 125 359 28 453 188 99 199 268 174 478 169 298 176 87 179 392 456 386 83 297 99 60 11 245 317 92 315 203 207 414 119 25 456 422 389 71 187 470 405 171 211 391 18 219 466 314 188 383 428 15 282 421 460 346 321 82 233
 173 66 171 458 352 449 79 289 271 394 31 469 245 189 499 110 105 132 87 467 218 239 106 390 446 171 490 122 324 64 452 477 94 326 65 307 248 149 398 310 83 279 387 292 8 112 414 242 268 100 402 66 256 498 30 291 493 385 140 99 442 391 325 106 221 463 387 286 198 51 141 34 233 35 357 126 499 185 191 275 496 497 129 439 468 231 202 484 398 6 168 125 232 363 481 205 188 298 260 143
 454 396 244 41 407 143 120 197 77 18 383 13 373 424 123 138 245 418 482 311 446 446 137 343 113 447 242 224 100 443 5 38 119 332 455 279 219 410 249 140 456 131 353 288 290 272 168 235 405 144 275 22 121 374 163 417 358 216 14 449 296 301 173 151 383 414 335 260 23 133 47 306 2 454 241 68 304 190 12 482 78 400 296 196 178 214 166 422 359 453 477 494 122 33 172 110 88 71 487 328
 477 363 210 301 364 320 35 117 47 118 28 115 17 319 269 440 379 217 155 188 396 11 389 309 156 322 374 223 199 406 96 464 173 249 363 408 418 440 0 335 47 483 319 50 130 441 71 268 182 88 369 222 101 222 20 173 484 145 348 50 264 396 352 406 477 123 325 127 87 195 479 151 408 274 149 455 141 481 13 255 320 90 209 248 189 21 485 466 424 234 53 63 219 193 65 31 220 412 76 406
 416 76 324 359 433 234 211 179 430 492 59 41 29 280 2 206 302 253 213 400 496 344 145 23 351 52 283 48 5 33 292 177 70 281 236 356 431 400 124 284 228 469 449 366 245 202 272 20 430 401 407 19 66 23 209 64 106 210 400 227 405 425 346 321 367 114 226 335 446 295 205 52 156 317 432 70 175 191 435 27 150 358 83 199 125 308 292 76 10 202 358 210 496 53 233 164 211 288 314 355
 258 4 160 477 150 44 139 325 496 339 372 313 425 423 69 416 472 27 66 161 444 276 409 431 90 172 449 287 360 155 101 307 419 99 431 5 302 333 175 367 192 299 158 415 109 1 470 478 144 299 168 105 211 322 347 196 234 27 115 450 457 242 266 149 448 479 82 294 92 276 27 32 143 211 493 318 404 207 5 257 413 1 393 210 165 98 246 140 249 421 314 362 33 218 497 436 103 496 407 222
 47 339 191 256 305 6 310 488 367 262 403 225 286 265 1 194 80 308 61 462 156 415 22 481 437 354 63 323 142 331 328 112 157 391 207 272 66 373 432 343 174 62 434 223 9 50 377 488 317 261 453 232 13 361 448 181 441 135 43 32 62 420 264 39 188 482 464 214 353 292 379 13 157 374 453 117 96 268 136 240 124 173 233 81 80 330 191 84 132 148 61 382 130 455 260 225 65 264 357 211
 27 266 368 80 464 375 389 412 32 392 54 314 101 167 453 205 123 491 279 264 256 426 17 257 316 186 287 141 331 65 130 332 24 287 6 338 130 148 416 409 37 186 335 21 236 275 245 204 408 231 205 8 139 337 428 177 90 124 49 243 152 352 304 135 176 176 133 69 312 418 53 275 335 401 112 160 332 171 286 206 441 231 84 284 266 192 85 190 429 31 374 131 274 1 210 86 159 241 446 464
 286 48 364 241 154 350 444 472 118 396 295 440 460 463 264 312 205 444 57 212 45 231 55 425 370 29 492 444 44 313 140 235 180 79 225 141 189 64 88 150 406 441 341 232 209 118 22 259 144 416 491 492 386 270 275 426 196 324 339 336 212 285 71 274 10 155 325 138 409 404 459 370 164 164 267 207 402 484 256 475 427 145 115 340 404 17 451 416 92 485 250 188 11 0 487 421 411 131 360 228
 482 486 169 24 176 65 193 393 289 302 369 327 445 2 165 205 286 335 389 128 90 449 37 23 293 399 369 232 337 200 140 238 348 181 222 417 381 89 355 79 56 408 382 96 15 268 458 296 457 141 95 475 37 95 288 1 378 142 88 15 430 497 255 98 451 153 123 103 305 248 498 455 425 321 285 276 73 399 121 259 345 346 233 155 134 408 404 42 89 216 213 258 151 263 68 67 434 323 499 355
 126 33 445 243 321 426 225 116 371 490 58 468 114 112 429 245 5 83 132 434 488 329 6 130 79 181 328 469 482 403 406 394 109 41 296 297 207 326 46 276 317 9 254 197 432 199 205 342 90 386 229 65 173 250 394 49 452 40 485 265 480 128 365 387 406 275 232 271 17 150 21 133 438 102 236 56 166 88 45 489 485 290 29 156 409 235 458 152 320 71 145 441 81 491 55 485 288 380 475 416
 417 86 81 313 115 50 344 216 494 15 55 409 137 145 147 221 268 99 248 256 124 379 384 354 180 276 84 58 344 175 332 352 312 41 354 125 348 48 462 449 290 311 113 80 79 439 272 181 21 415 471 159 192 208 125 192 136 22 488 385 123 121 112 458 378 251 397 326 257 157 287 91 399 493 451 157 267 103 142 484 213 47 31 111 204 477 104 476 348 61 0 266 183 282 477 288 27 210 193 155
 82 352 326 113 240 172 495 280 241 406 304 179 357 78 261 74 192 479 101 56 149 482 12 412 312 165 362 421 371 127 422 67 414 47 364 17 131 449 139 37 161 59 118 180 199 188 383 230 307 181 173 386 179 165 110 57 312 187 284 37 61 349 157 468 467 226 32 170 194 447 398 232 306 147 221 433 27 10 124 474 358 424 223 248 10 477 44 76 405 367 266 416 218 365 433 209 107 355 470 41
 254 83 253 117 346 430 328 285 331 272 61 382 469 455 199 260 485 115 257 98 205 402 448 403 234 302 446 126 19 463 166 124 443 29 378 196 263 271 199 111 101 421 8 14 152 163 325 101 454 494 390 465 370 395 246 208 201 2 89 3 43 65 385 320 289 480 343 117 466 247 406 157 299 198 436 414 307 380 174 87 463 91 205 202 485 91 353 340 483 65 144 108 334 6 202 325 128 157 412 48
 179 1 334 498 191 366 478 38 149 5 326 329 369 138 200 49 485 337 76 175 411 153 398 121 474 45 6 436 299 339 276 338 49 158 375 274 210 214 497 326 88 151 207 41 192 390 299 498 160 462 463 422 323 215 256 242 393 380 227 11 307 259 55 317 42 445 35 493 59 17 481 202 310 69 23 498 259 395 316 222 184 398 411 83 325 158 56 351 108 47 343 280 0 244 65 498 8 231 100 459
 484 416 382 2 196 384 57 112 100 191 265 71 354 448 127 300 226 211 97 8 291 27 178 301 158 75 283 378 420 59 165 380 391 467 313 314 209 127 370 323 245 371 122 419 50 361 327 43 337 365 71 61 465 172 330 432 29 128 380 167 370 114 103 456 229 321 81 175 167 7 332 439 499 22 485 316 308 24 76 82 208 398 403 3 44 9 177 163 168 266 420 259 301 220 132 59 182 119 422 67
 40 103 397 369 366 53 420 264 15 198 481 52 157 346 372 308 486 171 210 52 333 341 468 29 279 340 250 357 170 292 233 459 117 136 25 83 354 331 419 282 145 86 426 421 473 270 258 402 212 1 430 486 282 71 174 68 254 383 33 351 80 297 105 268 378 234 291 118 474 46 400 498 360 229 376 256 180 486 466 459 458 412 148 185 280 85 461 418 31 92 332 371 342 113 326 124 83 200 279 147
 476 378 213 363 373 379 373 423 74 137 131 337 311 295 256 237 291 382 370 334 266 156 311 118 118 209 345 109 416 443 117 136 74 336 365 475 52 391 240 153 383 88 281 338 17 147 423 26 318 176 143 288 3 402 446 357 5 113 269 18 180 314 50 423 293 112 61 145 116 298 70 10 410 494 141 252 438 336 127 36 102 243 447 200 405 263 26 450 175 144 402 131 496 2 61 138 320 29 468 401
 139 3 309 122 124 268 94 314 255 209 163 351 316 80 147 206 258 419 381 291 463 75 13 407 176 174 482 51 385 328 110 255 347 87 444 486 301 149 220 476 72 183 132 119 474 11 266 158 428 81 390 211 15 41 261 24 312 67 422 457 182 112 11 400 53 269 275 160 149 98 296 406 77 117 416 356 256 115 256 356 172 173 6 266 441 363 234 141 456 361 67 287 181 438 88 10 457 142 379 305
 416 367 256 488 78 244 474 107 348 228 265 353 133 297 231 451 322 456 448 98 439 375 384 39 316 190 184 442 111 242 411 413 317 463 199 54 270 471 78 318 204 480 102 343 41 118 340 256 10 225 152 219 287 338 414 40 27 7 339 304 186 476 340 41 74 455 182 384 434 347 9 234 18 253 270 43 10 19 226 72 325 97 181 276 338 117 479 218 224 18 254 153 243 392 408 111 141 398 427 10
 238 292 162 200 180 259 201 350 10 17 20 355 126 25 140 26 321 453 14 65 353 410 92 455 426 447 441 381 442 409 117 376 238 401 441 122 354 395 488 374 395 7 202 125 207 253 23 135 315 29 428 441 296 163 177 236 267 5 39 401 443 323 292 411 306 410 331 10 478 384 186 445 105 287 28 270 130 280 488 292 290 402 243 270 203 247 494 126 150 337 148 361 75 37 261 25 237 464 359 239
 187 243 243 105 6 66 103 11 196 131 387 98 332 35 262 76 499 152 490 47 347 52 226 280 5 238 455 311 144 347 97 444 120 476 340 80 241 459 270 130 476 353 266 135 114 33 94 180 307 162 273 366 481 6 308 474 406 335 234 78 27 483 466 203 154 110 12 113 413 454 258 12 476 287 103 473 464 408 165 36 257 318 112 95 65 354 243 358 418 64 423 116 6 434 124 315 437 198 295 92
 443 217 265 142 6 260 34 322 294 43 442 165 211 451 6 301 195 464 422 486 221 148 237 363 89 479 350 252 317 351 349 157 371 13 109 298 311 393 121 184 404 267 205 420 38 419 347 466 355 345 281 169 427 336 356 78 367 460 425 282 145 402 67 163 356 325 382 397 175 98 126 201 213 279 279 19 110 63 223 17 381 377 336 123 187 167 121 360 286 165 483 5 47 243 232 148 448 467 486 152
 82 42 237 307 494 420 299 444 267 21 115 134 264 347 380 92 390 206 67 99 480 256 163 389 113 289 57 364 277 199 371 374 56 149 300 41 139 437 213 114 85 489 2 177 313 452 16 189 392 5 122 130 98 66 454 198 404 444 217 313 364 422 333 206 320 137 397 499 428 255 14 440 411 151 221 223 224 295 429 88 321 443 178 469 16 73 350 65 287 173 280 412 81 408 138 162 371 243 463 189
 225 366 5 472 62 214 339 294 81 353 78 102 5 388 56 152 389 393 197 452 64 428 278 61 456 336 208 281 174 2 399 103 281 277 266 89 358 142 316 435 320 278 235 339 311 233 235 359 299 282 383 120 37 256 368 376 333 331 434 239 194 432 68 413 202 29 493 3 355 228 344 66 228 93 484 472 308 394 160 254 140 171 338 234 284 390 473 154 443 352 325 276 406 345 226 275 246 141 391 258
 381 252 472 396 215 230 222 307 104 78 398 253 465 132 308 484 347 122 105 441 407 268 396 464 249 310 289 61 222 6 207 462 427 249 247 275 343 31 120 218 239 250 17 416 446 342 81 164 7 34 277 467 429 391 243 207 166 455 138 92 397 387 270 127 330 316 109 77 225 473 162 139 61 397 209 324 338 457 255 432 279 237 124 442 333 136 274 277 338 127 348 402 321 493 487 257 90 36 427 352
 432 447 413 144 350 300 363 235 287 468 244 246 489 57 14 260 99 95 174 10 217 271 119 476 196 403 6 28 247 322 264 102 50 211 479 100 425 227 62 359 323 44 4 161 355 151 440 332 290 233 206 306 455 14 116 283 347 338 91 144 41 37 112 310 353 201 15 207 75 5 282 154 295 224 69 333 406 430 125 445 92 422 178 202 475 349 198 469 218 462 15 178 483 142 124 407 470 494 214 32
 324 218 232 494 207 225 217 213 138 331 453 409 39 441 211 28 171 219 117 204 105 6 397 264 323 49 414 79 381 305 122 477 468 208 11 269 414 402 107 159 283 313 469 247 324 479 200 450 437 397 90 298 156 451 97 408 311 497 493 153 186 28 290 237 234 140 147 17 162 252 408 18 344 361 412 163 222 96 157 266 442 375 224 49 442 344 128 408 400 214 62 209 373 156 351 376 428 137 133 293
 277 179 99 78 63 482 218 77 167 491 335 38 286 204 91 236 352 410 205 166 350 490 255 275 281 131 248 291 284 145 84 332 244 494 204 387 110 441 483 125 405 308 65 496 340 460 424 51 394 280 160 448 352 98 167 363 335 497 433 476 43 368 116 320 131 382 363 94 2 62 464 427 73 64 491 134 250 477 149 206 232 227 102 52 104 377 251 165 151 242 474 492 449 35 201 192 126 202 421 213
 151 388 416 283 195 415 70 311 90 376 357 93 346 163 486 409 340 381 457 90 125 225 216 231 214 398 44 64 37 419 373 325 8 60 183 210 147 156 265 254 245 272 329 52 139 175 8 247 461 494 399 260 113 446 46 454 89 464 276 268 327 476 187 75 31 169 342 170 157 296 156 221 31 103 279 407 333 456 480 430 443 357 313 284 19 82 164 447 259 33 422 120 9 118 216 473 142 136 164 148
 340 142 100 67 35 29 78 198 266 409 223 350 193 98 470 451 366 181 351 171 448 199 469 348 287 301 283 132 270 100 314 273 433 251 495 16 351 271 295 377 203 7 368 35 125 172 230 31 103 198 162 79 348 271 65 433 413 388 96 193 311 30 150 423 256 246 324 356 37 37 424 184 455 433 396 77 385 292 149 210 226 266 197 258 155 392 54 301 295 79 372 199 432 150 462 160 53 428 340 207
 390 362 159 4 492 12 62 132 162 157 283 458 387 352 405 163 300 188 441 365 460 19 370 221 39 171 198 258 116 41 113 290 246 270 352 203 132 171 130 492 344 296 9 393 357 137 9 12 453 347 193 450 21 260 198 433 270 365 36 247 160 396 290 387 373 43 281 366 316 51 248 477 287 456 471 114 261 404 277 156 16 278 170 362 246 225 473 374 2 29 14 66 486 286 63 151 311 251 156 62
 140 396 341 44 154 214 203 204 344 382 290 279 166 449 429 395 255 247 426 148 115 483 435 139 50 70 401 31 103 26 113 269 480 357 340 211 310 134 403 429 200 135 474 128 315 351 221 19 288 298 29 191 225 35 192 337 356 53 351 341 262 453 250 453 172 227 61 331 356 303 266 36 81 170 0 321 74 233 422 192 436 257 334 271 183 51 176 18 100 446 273 463 72 443 329 293 99 241 61 357
 162 101 345 453 93 403 113 269 365 134 409 317 413 412 206 256 115 426 171 485 62 102 72 143 249 166 1 417 302 472 243 304 68 166 387 92 422 356 143 21 38 119 181 245 85 424 320 346 343 306 157 222 373 477 427 427 85 311 383 436 173 167 287 55 420 155 372 81 182 222 193 151 218 239 470 314 369 129 129 73 464 363 43 233 322 6 402 225 303 328 54 144 224 483 186 292 296 23 368 228
 299 108 411 372 33 107 132 75 373 466 395 301 310 295 396 203 13 193 266 247 364 225 450 84 355 484 11 330 13 476 480 362 90 488 26 192 310 359 256 260 20 356 232 494 448 87 249 262 206 488 402 104 36 265 240 212 49 337 342 12 159 246 131 453 490 246 77 256 419 386 321 317 356 287 492 181 184 486 24 259 280 244 6 436 251 469 250 468 412 386 339 320 22 358 282 226 57 443 381 234
 194 373 236 214 311 422 374 256 92 257 111 295 201 424 50 215 481 149 239 276 434 153 475 29 162 324 479 86 197 475 64 167 208 223 372 28 438 333 354 413 449 195 326 112 87 430 319 49 433 140 424 473 228 223 33 51 142 215 4 187 207 217 68 196 37 205 493 157 141 1 256 210 303 382 375 476 411 38 408 342 53 34 383 145 221 435 306 326 460 360 65 135 235 114 413 24 261 270 327 110
 443 10 144 309 438 390 164 329 229 165 458 330 19 253 459 97 303 459 201 163 186 342 28 212 49 321 357 418 159 467 263 415 222 387 467 129 373 352 329 333 20 403 420 117 16 398 352 278 372 375 134 200 289 74 459 188 36 367 278 16 53 63 116 49 8 33 145 261 133 388 92 362 350 483 290 371 195 172 227 190 289 172 333 410 80 419 81 45 206 151 327 321 461 388 130 470 418 23 212 95
 210 177 179 242 401 278 144 361 250 260 443 215 462 210 107 133 37 70 315 217 149 18 469 329 444 23 14 284 188 38 250 118 368 156 241 12 210 299 103 149 303 145 252 251 455 60 307 470 174 243 8 119 150 452 211 475 262 310 331 381 209 201 346 114 107 16 287 464 237 235 294 437 288 329 371 148 184 363 329 191 208 373 436 347 41 308 141 189 446 149 145 335 423 241 473 271 395 242 360 266
 490 413 497 255 67 304 407 164 416 470 114 98 395 225 72 481 41 351 123 70 498 427 449 165 192 98 74 305 471 109 92 374 400 266 197 433 276 391 432 117 344 338 449 89 423 50 10 49 224 20 334 479 152 93 90 107 233 47 477 32 44 114 348 424 217 206 493 165 289 398 446 430 208 366 130 434 55 161 349 63 84 128 29 178 185 119 184 112 114 41 482 368 94 349 150 0 75 480 29 213
 480 424 74 315 172 59 34 160 453 357 74 447 434 126 473 460 73 428 239 350 23 171 274 61 301 125 488 438 267 12 494 472 195 58 208 396 216 329 80 234 351 499 371 377 438 143 277 485 295 308 424 204 72 170 276 460 384 279 206 486 132 99 386 98 48 215 362 49 243 263 0 118 418 166 315 478 184 178 329 246 69 36 102 6 384 481 28 439 265 438 147 377 436 445 484 150 124 32 250 330
 207 321 338 407 94 499 446 356 343 409 97 65 113 144 102 37 44 81 311 280 366 255 315 57 293 198 177 218 242 205 243 11 482 373 183 29 323 162 1 32 440 381 94 99 116 187 375 59 452 462 252 57 384 405 106 191 137 340 367 293 264 185 409 348 297 424 166 476 248 342 107 47 155 52 107 337 306 50 69 321 396 183 23 216 215 321 417 392 358 34 265 127 480 448 245 10 231 393 0 108
 54 252 88 83 20 286 272 134 343 300 296 215 16 248 109 495 27 459 267 218 396 78 396 377 223 263 442 183 22 102 172 81 125 359 197 346 151 354 269 409 426 370 329 386 107 34 37 4 223 102 372 215 81 448 326 493 25 386 353 468 452 479 250 420 349 156 345 487 320 365 323 380 225 412 63 192 282 325 111 414 176 450 145 142 360 226 206 260 458 400 488 450 498 433 78 479 154 426 176 337
 418 407 202 166 410 101 430 210 41 312 20 496 299 105 388 207 300 165 189 62 25 342 93 195 452 172 117 447 363 210 227 214 190 171 252 451 390 174 451 429 4 60 423 356 433 80 104 297 54 164 49 384 272 344 304 417 262 383 298 77 146 108 193 381 232 257 367 483 76 86 377 124 411 77 96 197 465 222 254 322 198 24 297 40 477 257 183 114 192 359 401 255 101 171 2 122 28 406 482 341
 82 353 352 446 121 206 55 19 246 165 196 369 392 460 61 144 157 457 492 200 429 299 19 399 333 316 474 329 450 34 382 244 58 249 253 337 348 235 201 190 131 497 213 242 415 286 478 174 64 417 418 70 246 44 55 59 182 410 126 182 185 392 322 201 394 104 310 148 190 361 173 178 481 403 54 193 400 262 495 212 185 25 78 300 35 377 421 317 491 114 133 309 310 213 210 57 212 238 258 447
 332 116 192 247 356 287 90 458 368 21 408 133 282 264 247 450 308 151 110 423 342 379 368 18 57 64 426 24 337 496 486 286 346 11 289 30 356 112 425 222 224 103 253 448 313 375 165 64 197 198 193 123 85 414 129 369 206 190 199 110 168 246 280 165 191 395 272 453 49 366 323 115 195 455 183 467 279 121 232 98 221 185 18 332 5 218 415 103 229 243 68 424 271 379 387 300 413 292 297 349
 238 27 477 254 392 166 90 97 380 291 9 492 450 492 246 458 426 12 343 442 145 246 349 440 248 347 252 355 174 364 297 79 232 129 238 471 82 195 480 78 320 197 55 170 410 69 79 81 139 380 303 59 132 131 439 432 172 324 209 442 295 186 247 333 75 464 458 279 82 215 139 250 74 138 19 236 178 73 36 77 210 89 270 307 216 240 9 2 387 39 293 193 412 468 435 441 315 349 78 404
 364 234 394 249 87 10 280 242 217 39 210 422 401 236 220 324 314 282 311 392 169 483 461 116 48 63 498 293 236 123 269 328 288 435 153 115 4 162 146 261 381 405 207 388 249 172 254 396 193 184 410 368 369 166 103 276 349 498 79 79 89 151 363 442 298 410 101 148 310 270 353 7 336 19 478 151 26 42 203 290 475 167 377 336 4 124 302 111 77 174 366 122 436 321 425 121 189 356 269 285
 124 229 66 181 443 102 251 148 240 209 291 489 166 206 132 495 131 418 302 83 117 130 395 310 231 312 106 459 183 181 430 292 137 32 340 236 110 282 67 485 402 366 438 159 163 339 140 377 40 400 276 330 437 351 479 131 275 25 58 227 314 396 238 2 8 123 231 266 401 326 277 263 261 229 493 483 178 318 407 418 223 177 91 442 428 192 241 404 263 455 361 217 7 190 91 348 366 236 188 389
 464 447 45 255 33 233 463 325 79 0 292 46 250 114 275 25 300 382 118 15 469 51 220 365 305 354 465 360 379 170 318 132 370 460 44 259 474 143 89 461 318 149 120 325 83 366 321 333 147 93 89 447 95 357 70 91 106 125 378 368 379 207 193 275 240 322 61 177 308 478 466 223 270 204 105 419 264 382 343 369 454 100 178 53 386 368 8 67 192 111 432 66 42 156 45 277 118 432 160 240
 495 15 190 87 360 478 466 56 263 365 192 85 21 392 257 443 18 408 325 377 200 95 271 484 207 348 35 316 400 295 450 315 230 321 481 245 169 155 3 296 56 276 141 381 72 24 207 170 475 290 473 321 118 234 313 213 487 176 286 51 298 91 350 264 214 257 24 373 394 397 61 299 161 135 92 409 147 265 219 10 209 118 332 183 358 323 60 481 230 19 315 90 483 139 128 386 419 170 430 96
 90 439 295 290 25 449 176 233 441 486 66 180 371 19 247 427 148 371 323 311 20 14 65 221 177 399 25 473 249 434 472 252 196 455 138 359 367 251 454 401 3 4 62 386 422 146 185 270 335 185 459 293 213 356 176 252 218 241 395 221 380 210 116 130 467 226 368 164 376 400 144 409 233 6 301 242 22 139 78 106 156 54 367 418 132 266 484 404 103 438 141 122 491 188 260 3 120 243 43 191
 280 209 397 5 187 322 491 422 335 232 55 281 199 137 27 206 71 220 218 111 179 141 204 268 0 312 460 357 383 102 263 30 7 49 54 350 5 185 310 168 29 116 135 157 172 235 463 278 128 449 69 330 380 404 342 351 57 85 234 326 408 309 242 331 220 85 121 86 446 9 92 354 239 269 302 476 403 288 244 352 68 14 121 394 60 459 354 127 50 232 264 97 234 6 170 384 356 201 65 74
 159 42 140 386 375 232 433 33 107 411 481 213 231 426 423 385 124 411 352 452 105 37 157 1 219 13 350 4 356 340 246 355 376 475 339 303 43 300 99 499 317 361 135 281 352 294 450 105 436 4 261 247 385 307 218 356 105 255 131 375 89 470 221 219 253 409 152 441 392 490 336 68 489 265 440 237 13 213 70 300 372 157 48 298 485 106 374 425 257 100 368 13 238 84 473 140 226 48 319 4
 37 181 73 111 395 196 178 395 456 36 384 204 0 395 494 459 274 23 321 456 426 55 33 266 182 162 414 73 191 39 393 260 64 438 396 216 463 329 209 405 198 407 383 227 239 221 421 412 356 438 380 413 182 232 106 46 304 279 152 421 91 134 468 309 363 188 128 187 241 285 435 245 490 261 487 499 94 172 235 443 339 254 297 172 247 457 416 401 493 196 188 38 27 298 490 387 260 44 478 276
 324 20 74 229 358 291 349 131 493 299 347 434 298 364 19 361 467 155 66 175 105 1 486 27 451 63 411 490 80 214 124 487 37 469 117 232 257 444 208 415 412 491 18 335 83 451 183 324 268 433 473 312 0 73 204 136 435 440 262 250 426 393 133 236 484 136 137 265 450 461 340 127 19 276 319 157 8 260 55 85 235 497 363 88 42 12 360 401 170 10 351 364 97 34 1 156 157 471 17 138
 402 105 109 259 297 89 62 48 394 23 130 420 35 267 243 112 330 211 469 270 470 64 66 394 164 148 457 129 435 327 185 258 313 433 380 251 84 310 444 452 65 459 64 250 494 268 194 90 202 354 208 175 229 267 108 201 437 272 352 452 52 167 114 365 422 220 140 491 406 157 400 412 44 152 210 281 250 432 114 64 228 148 179 228 268 423 452 14 226 429 3 174 358 125 87 299 403 71 74 83
 340 19 482 343 129 139 311 135 100 98 174 136 253 290 148 293 223 11 154 355 275 204 384 21 326 245 200 464 234 78 328 116 349 431 482 414 386 480 75 414 460 247 394 280 320 267 343 147 385 384 315 386 174 169 401 439 280 212 93 364 60 124 445 392 287 99 41 470 48 62 139 172 330 498 302 30 479 128 383 84 400 69 78 330 406 455 154 354 163 82 487 335 101 118 158 128 88 335 74 115
 423 226 298 407 365 380 239 292 316 373 120 313 262 431 167 206 494 450 169 376 345 122 109 314 241 491 365 293 309 128 113 357 19 408 276 373 39 96 393 229 84 97 30 27 356 81 351 208 467 67 136 96 204 168 35 31 172 164 157 33 162 374 395 233 311 263 30 1 246 187 458 445 343 117 286 365 186 200 172 19 53 474 438 54 81 2 386 87 285 384 54 18 175 340 307 145 317 239 371 439
 467 137 212 304 353 308 23 450 340 143 293 227 252 399 156 273 132 310 325 183 209 388 273 58 32 203 246 98 287 309 75 51 70 337 206 270 146 34 269 88 293 407 111 484 299 324 493 191 401 152 60 313 380 204 188 451 36 314 150 125 442 469 114 149 6 284 341 407 221 453 248 334 178 396 376 42 435 492 153 495 51 265 148 75 130 115 338 476 40 362 41 392 237 238 121 29 117 417 24 379
 83 11 345 155 175 189 111 181 101 433 464 89 332 256 384 431 366 197 488 93 124 478 482 401 170 393 155 435 129 281 11 146 472 144 140 5 120 435 421 85 43 471 487 290 414 374 448 143 198 284 32 478 380 471 350 483 167 269 205 59 355 95 334 36 400 349 407 51 469 261 220 3 173 152 137 200 286 79 261 70 468 229 325 59 92 217 64 34 198 191 454 309 227 256 338 441 311 342 84 177
 30 168 166 13 481 345 331 300 324 130 54 172 25 183 152 140 127 71 356 49 465 275 246 345 65 227 410 354 456 434 266 447 230 27 67 28 385 181 375 90 23 268 407 205 489 48 224 81 475 457 3 126 372 392 389 472 40 453 18 365 21 389 14 445 386 387 201 293 311 273 275 19 232 372 176 293 180 20 413 386 242 49 360 192 365 474 316 244 445 482 175 364 496 69 46 131 130 435 430 150
 417 336 463 481 456 159 262 392 421 284 287 43 389 48 291 471 355 175 422 435 192 37 436 105 38 15 280 22 286 36 462 45 404 264 297 358 245 57 376 58 42 352 111 256 263 177 276 91 257 472 299 263 313 447 169 410 378 138 60 8 226 390 243 216 403 317 299 440 112 133 43 143 337 455 40 446 334 454 304 477 224 104 432 398 192 483 55 465 414 296 121 234 209 408 303 5 88 208 453 41
 80 59 98 367 375 118 426 211 188 111 442 115 412 292 268 222 101 290 317 24 348 177 199 329 152 375 482 351 329 209 133 151 135 220 153 282 191 388 86 404 230 253 35 130 444 323 415 373 395 188 491 170 317 458 118 331 287 214 430 26 3 115 181 480 75 104 400 272 327 374 459 290 56 124 273 442 450 3 141 130 87 368 157 319 265 107 239 266 234 490 77 133 490 479 364 451 89 106 344 54
