 723129 452872 662052 666488 598901 565206 710321 594571 652342 472289
 803899 476010 693889 664750 688174 764818 810723 656596 761671 569229
 554507 447641 519498 711892 625210 603899 738500 568002 591439 511637
 622754 395254 515561 709949 634925 707585 798824 613440 549154 516862
 666108 432980 615971 851725 727263 800155 839102 637489 744135 666725
 769842 409505 706214 759110 790957 761810 1053056 819094 876380 554311
 495166 292028 406338 488851 508813 565687 583146 468580 602961 396719
 666729 467891 645263 644934 651226 704581 815348 679594 825191 663623
 601117 440455 464533 779952 576057 592885 515818 507347 586710 429004
 327517 271535 321314 425930 393839 424236 349397 303543 339842 305336
