 2127 2626 2419 2699 2468 2395 2400 2476 2319 2553 2303 2377 2984 2763 2295 2701 2430 2479 2773 2362 2393 2634 2610 2400 2235 2780 2461 2280 2702 2250 2396 2566 2793 2606 2585 2591 2536 2499 2504 2385 2566 2529 2261 2941 2752 2430 1883 2163 2830 2100 2662 2590 2396 2661 2499 2284 2687 2265 2587 2518 2328 2620 2141 2187 2687 2782 2695 2812 2623 2496 2658 2439 2776 3003 2474 2577 2415 2503 2452 2602 2677 2341 2279 2617 2514 2436 2739 2564 2372 2459 2359 2011 2784 2560 2640 2652 2680 2205 2531 2841
 2512 2751 2744 2796 2362 2752 2682 2411 2688 2821 2563 2610 2830 2763 2457 2915 2528 2626 3027 2500 2614 2821 2619 2839 2307 2814 2522 2482 2758 2824 2530 2600 2747 2872 2695 2560 2668 2732 2538 2382 2828 2608 2601 2991 2692 2473 2225 2541 2805 2369 2676 2534 2469 2743 2556 2571 2741 2415 2668 2575 2383 2728 2416 2356 2647 2714 2712 2709 2684 2558 2909 2563 2769 3019 2784 2666 2435 2658 2744 2509 2711 2459 2697 2694 2686 2511 2752 2684 2677 2635 2634 2159 2741 2696 2934 2846 2661 2105 2427 2823
 2384 2331 2468 2548 2170 2489 2434 2209 2353 2468 2312 2392 2693 2550 2336 2617 2312 2522 2472 2438 2281 2642 2416 2311 2071 2714 2352 2400 2734 2475 2274 2497 2526 2723 2449 2511 2470 2338 2533 2177 2459 2349 2466 2883 2725 2299 2012 2416 2659 2002 2416 2381 2413 2409 2202 2373 2577 2415 2225 2422 2177 2576 2136 2144 2415 2468 2393 2426 2464 2257 2690 2386 2389 2794 2505 2326 2241 2356 2538 2384 2530 2264 2329 2284 2409 2528 2548 2382 2516 2580 2271 2186 2356 2406 2444 2572 2488 2091 2288 2850
 2319 2465 2687 2664 2374 2554 2392 2311 2357 2593 2272 2277 2784 2670 2287 2338 2549 2606 2796 2408 2401 2628 2433 2408 2195 2713 2225 2466 2615 2389 2215 2566 2687 2620 2755 2560 2588 2448 2767 2274 2700 2543 2464 2821 2826 2281 2055 2213 2632 2102 2545 2627 2525 2437 2238 2412 2530 2398 2511 2423 2231 2754 2071 2205 2448 2696 2587 2619 2724 2465 2697 2259 2564 2702 2614 2471 2631 2419 2524 2545 2688 2338 2207 2501 2464 2593 2619 2413 2524 2536 2554 2284 2829 2624 2424 2506 2595 2057 2274 2540
 2399 2270 2395 2611 2224 2425 2384 2301 2181 2523 2320 2208 2523 2625 2272 2549 2232 2478 2702 2411 2503 2541 2263 2420 2031 2684 2311 2329 2598 2331 2325 2406 2411 2701 2441 2499 2471 2501 2535 2173 2478 2232 2276 2652 2637 2248 2186 2304 2642 2107 2433 2421 2163 2547 2367 2506 2530 2300 2369 2452 2189 2591 2145 2280 2470 2646 2518 2669 2583 2344 2437 2215 2609 2747 2703 2337 2057 2208 2516 2511 2699 2268 2204 2514 2612 2406 2519 2356 2383 2454 2260 1996 2339 2390 2395 2614 2735 2196 2184 2697
 2510 2751 2836 2899 2468 2818 2736 2667 2632 2768 2617 2668 2898 2830 2414 2754 2717 2734 2918 2533 2713 2687 2872 2741 2486 2756 2616 2905 2858 2555 2747 2857 2830 3192 2863 2808 3008 2663 3000 2531 2992 2710 2928 3047 2791 2848 2223 2339 2813 2292 2633 2706 2684 2761 2479 2617 2757 2579 2723 2498 2549 2823 2659 2672 2808 3081 2761 2980 2680 2688 3041 2731 2976 3043 2899 2856 2902 2744 2687 2646 3020 2539 2513 3012 2802 2680 2780 2814 2811 2708 2971 2387 3012 2684 2865 2705 2827 2377 2650 2817
 1921 2063 2158 2170 1916 2045 2151 1926 1987 2055 2022 2044 2250 2219 1909 2036 1912 2192 2228 2029 2116 2315 1997 1891 1815 2287 1900 1936 2342 1900 1827 2195 2220 2299 2197 2120 2243 1919 2230 1958 2080 1871 2022 2391 2221 2150 1819 1963 2116 1702 2031 2128 1985 1954 2127 1807 2168 1787 2069 1945 1936 2204 1874 2076 2172 2404 2293 2213 2251 2048 2280 1973 2210 2308 2423 2000 2099 1855 2124 2153 2045 2017 1852 2205 2143 1996 2261 2080 2155 2040 2046 2096 2120 2191 2038 2065 2264 1793 1939 2189
 2398 2694 2671 2798 2441 2566 2544 2381 2513 2868 2553 2743 3004 2780 2388 2646 2556 2489 2907 2460 2478 2713 2706 2611 2500 2505 2494 2507 3003 2614 2468 2633 2881 2923 2669 2788 2639 2758 2644 2234 2664 2501 2657 3034 2583 2635 2064 2330 2856 2215 2532 2474 2528 2708 2568 2570 2649 2372 2625 2486 2418 2713 2566 2316 2777 2983 2979 2677 2669 2505 2914 2724 2794 2801 2623 2658 2521 2533 2571 2694 2665 2390 2440 2785 2725 2813 2672 2559 2493 2907 2368 2309 2665 2668 2645 2731 2798 2135 2572 2926
 2216 2243 2513 2381 2061 2352 2275 2177 2202 2424 2129 2198 2593 2523 2101 2372 2308 2283 2674 1988 2114 2335 2260 2257 2245 2362 2197 2341 2384 2323 2098 2284 2359 2413 2353 2382 2388 2205 2383 1997 2462 2270 2320 2633 2390 2199 1930 1957 2431 1853 2320 2157 2078 2275 2051 2312 2368 2119 2181 2068 2120 2522 1990 2154 2507 2571 2492 2256 2244 2270 2614 2302 2273 2627 2424 2286 2157 2248 2447 2074 2356 2222 2048 2370 2221 2128 2369 2167 2471 2375 2314 2097 2409 2228 2425 2258 2375 1955 1991 2316
 2335 2586 2605 2550 2232 2518 2398 2218 2269 2500 2211 2275 2657 2584 2200 2471 2308 2210 2505 2227 2344 2336 2383 2468 2103 2517 2327 2558 2454 2441 2385 2258 2527 2718 2495 2401 2695 2287 2509 2181 2567 2497 2435 2594 2559 2472 1980 2130 2627 1889 2476 2572 2284 2584 2210 2468 2499 2366 2313 2403 2382 2533 2095 2156 2523 2584 2404 2588 2305 2211 2634 2150 2475 2682 2519 2519 2212 2527 2458 2400 2926 2262 2148 2474 2360 2365 2300 2460 2486 2344 2457 2127 2628 2114 2455 2413 2568 2076 2316 2580
 2554 2590 2811 3030 2599 2700 2719 2716 2773 2897 2472 2682 3106 2930 2508 2787 2760 2947 3145 2676 2644 2785 2808 2732 2660 3080 2529 2605 2891 2680 2385 2805 2910 2952 2774 2782 2736 2726 2846 2527 2917 2824 2662 3058 2960 2620 2342 2148 2935 2296 2845 2781 2558 2720 2528 2543 2743 2563 2600 2613 2415 2961 2494 2474 2816 3056 2943 2837 2639 2531 2904 2740 2865 3167 2785 2764 2631 2639 2687 2846 3113 2437 2618 2815 2709 2805 2836 2637 2970 2885 2707 2248 2878 2724 2902 2802 2711 2185 2534 2768
 2160 2432 2423 2554 2227 2440 2428 2214 2311 2434 2260 2199 2470 2487 2207 2460 2323 2429 2502 2220 2281 2287 2273 2450 2049 2445 2232 2303 2483 2337 2380 2367 2378 2550 2375 2563 2460 2124 2299 1930 2385 2290 2386 2760 2563 2342 1914 2178 2493 1894 2411 2421 1999 2410 2431 2420 2457 2220 2348 2332 2277 2496 2127 2121 2514 2664 2424 2545 2588 2296 2448 2117 2507 2680 2496 2357 2137 2438 2538 2267 2582 2380 2299 2577 2403 2119 2324 2349 2383 2387 2425 2016 2538 2341 2330 2612 2502 2026 2328 2645
 2155 2270 2315 2395 1982 2175 2287 2107 2181 2353 1822 2175 2616 2364 2059 2208 2182 2234 2645 2065 2011 2285 2153 2399 2056 2263 2029 2114 2351 2161 1977 2277 2356 2507 2317 2294 2188 2154 2226 2089 2490 2400 2196 2602 2500 2222 1950 1759 2478 1974 2313 2235 2247 2195 2131 1910 2469 2073 2154 2010 2192 2451 2049 2103 2277 2371 2261 2498 2216 2081 2318 2100 2495 2488 2318 2324 2264 2495 2048 2250 2524 2009 2201 2245 2243 2103 2292 2244 2315 2331 2399 1994 2490 2421 2415 2229 2159 1990 2140 2193
 2320 2675 2449 2540 2272 2598 2626 2482 2399 2458 2328 2427 2903 2566 2134 2507 2370 2352 2804 2345 2353 2558 2437 2451 2214 2711 2537 2342 2498 2244 2309 2472 2685 2593 2700 2290 2624 2585 2570 2410 2574 2571 2381 2814 2588 2370 1956 2068 2566 2151 2547 2604 2511 2568 2311 2174 2620 2234 2364 2387 2243 2632 2240 2455 2474 2809 2716 2675 2549 2437 2790 2338 2803 2560 2615 2575 2242 2489 2575 2564 2753 2323 2342 2733 2703 2403 2570 2388 2579 2230 2496 2101 2785 2515 2668 2674 2441 2244 2267 2771
 2229 2438 2392 2558 2124 2448 2373 2262 2133 2320 2176 2154 2692 2450 2156 2557 2274 2363 2668 2144 2482 2686 2456 2445 2116 2378 2236 2129 2505 2251 2343 2306 2503 2579 2391 2318 2504 2334 2486 2131 2581 2230 2332 2734 2475 2413 1983 2101 2526 2086 2297 2401 2393 2334 2295 2088 2524 2201 2290 2284 2416 2412 2047 2232 2434 2528 2480 2588 2289 2360 2626 2235 2612 2683 2420 2389 2229 2316 2288 2379 2536 2061 2305 2433 2480 2482 2531 2493 2328 2314 2117 2053 2437 2585 2446 2418 2521 1973 2179 2514
 2528 2611 2808 2827 2265 2844 2533 2475 2545 2610 2426 2553 2916 2730 2278 2825 2432 2584 2888 2318 2661 2949 2657 2569 2345 2750 2355 2539 2722 2304 2367 2580 2759 2916 2660 2590 2702 2650 2741 2432 2683 2622 2643 2957 2886 2510 2253 2355 2819 2174 2736 2592 2508 2463 2517 2435 2649 2558 2567 2583 2325 2588 2299 2510 2545 2653 2839 2702 2548 2637 2886 2399 2834 3059 2690 2796 2516 2534 2763 2516 2721 2533 2561 2550 2542 2684 2839 2681 2651 2513 2491 2372 2696 2806 2797 2559 2772 2344 2542 2729
 2328 2653 2769 2816 2503 2937 2596 2551 2699 2864 2518 2703 2964 2787 2526 2836 2510 2695 3042 2417 2553 2839 2869 2601 2406 2897 2623 2669 3013 2542 2471 2765 2794 2954 2750 2847 2683 2719 2597 2437 2672 2649 2851 3068 2932 2787 2149 2465 2993 2203 2764 2543 2443 2691 2902 2597 2668 2538 2828 2497 2632 2802 2435 2362 2922 3049 2950 2754 2702 2614 2884 2502 2833 3136 2802 2898 2529 2730 2728 2661 2860 2686 2592 2908 2757 2558 2885 2736 2613 2878 2631 2380 2885 2849 2874 2892 2819 2183 2550 2913
 2032 2080 2231 2335 1992 2192 2050 2333 2134 2461 2088 2169 2416 2453 1995 2409 1928 2287 2417 2303 2184 2179 2065 2285 1984 2487 2097 2044 2546 2093 2041 2245 2406 2540 2184 2318 2008 2280 2205 1959 2400 2172 2099 2573 2267 2085 1867 2110 2259 1883 2334 2127 2129 2256 2165 2129 2369 2088 2147 2070 1956 2295 1983 2086 2389 2349 2298 2431 2260 2304 2389 2196 2493 2567 2512 2190 2182 2381 2268 2114 2362 2075 2099 2317 2366 2104 2333 2243 2192 2154 2115 1976 2546 2134 2461 2091 2291 1904 2109 2343
 2305 2626 2540 2816 2179 2666 2396 2250 2347 2734 2456 2413 2746 2622 2270 2688 2571 2538 2753 2526 2304 2506 2647 2580 2336 2566 2403 2501 2710 2326 2452 2585 2645 3005 2429 2651 2630 2625 2563 2383 2664 2422 2450 2863 2669 2524 2118 2223 2670 2062 2596 2518 2484 2660 2397 2488 2671 2491 2594 2370 2436 2765 2365 2509 2603 2565 2555 2654 2595 2590 2845 2451 2717 2791 2641 2608 2277 2549 2584 2451 2695 2209 2265 2477 2650 2663 2746 2724 2598 2667 2558 2297 2528 2648 2669 2641 2572 2188 2484 2852
 2069 2320 2344 2362 2107 2283 2302 2145 2270 2271 1887 2286 2469 2335 2126 2385 2122 2356 2656 2010 2257 2267 2206 2139 1888 2445 2214 2126 2459 2115 2014 2244 2525 2415 2393 2262 2216 2181 2282 2043 2324 2117 2212 2392 2359 2087 1764 1969 2354 1988 2164 2211 2170 2374 1948 1981 2354 2107 2317 2021 2201 2294 1981 1813 2262 2544 2361 2223 2152 2097 2562 2065 2304 2670 2254 2343 2230 2314 2220 2214 2320 2177 2054 2155 2337 2190 2411 2259 2209 2352 2145 1853 2310 2350 2325 2195 2182 1910 1990 2406
 2514 2687 2836 2952 2364 2834 2571 2576 2572 2815 2569 2645 2950 2995 2454 2843 2734 2788 3102 2440 2586 2728 2757 2603 2312 2996 2577 2818 2808 2631 2559 2755 3047 2972 2759 2651 2746 2646 2732 2477 2961 2664 2650 3136 2988 2574 2311 2480 2852 2426 2645 2774 2575 2978 2530 2496 2919 2561 2747 2552 2464 2948 2403 2414 2745 2945 2845 2951 2680 2573 2950 2620 3100 3089 2880 3000 2516 2745 2750 2664 2902 2620 2408 2791 2755 2695 2683 2656 2842 2830 2746 2370 2910 2780 2936 2806 2811 2362 2756 2881
 2439 2833 2689 2690 2330 2509 2681 2365 2441 2600 2292 2461 2814 2697 2346 2742 2489 2478 2681 2452 2206 2514 2649 2582 2505 2518 2396 2477 2671 2446 2497 2539 2694 2929 2637 2542 2676 2433 2730 2371 2994 2539 2385 3007 2589 2603 2039 2165 2774 2209 2669 2519 2581 2572 2424 2594 2678 2356 2500 2293 2316 2808 2411 2315 2548 2678 2534 2815 2492 2490 2847 2575 2587 2788 2834 2229 2523 2675 2565 2377 2816 2316 2435 2435 2699 2365 2680 2659 2640 2662 2541 2351 2878 2519 2614 2598 2711 2074 2377 2807
 2286 2364 2682 2519 2138 2510 2407 2426 2463 2425 2204 2192 2811 2570 2127 2505 2297 2570 2659 2166 2374 2629 2317 2518 2111 2619 2293 2540 2461 2211 2327 2294 2451 2569 2314 2470 2505 2305 2533 2112 2443 2417 2174 2694 2432 2397 2100 2170 2640 1965 2565 2327 2244 2357 2302 2357 2541 2077 2340 2417 2137 2414 2220 2403 2647 2483 2670 2689 2411 2477 2698 2177 2604 2755 2668 2471 2170 2314 2395 2395 2532 2314 2333 2429 2541 2345 2487 2240 2383 2455 2344 2143 2430 2476 2456 2698 2583 1917 2380 2585
 2439 2366 2721 2783 2442 2532 2503 2408 2424 2510 2389 2467 2730 2769 2249 2730 2438 2508 3010 2270 2486 2586 2515 2624 2270 2672 2433 2284 2621 2229 2241 2487 2570 2602 2707 2636 2653 2609 2444 2371 2570 2553 2406 2639 2773 2380 2020 2071 2688 2111 2697 2561 2218 2582 2402 2409 2617 2232 2405 2453 2372 2665 2297 2258 2582 2823 2733 2840 2486 2523 2738 2196 2672 2762 2538 2613 2371 2474 2540 2432 2703 2126 2548 2662 2579 2471 2626 2544 2574 2509 2475 2171 2609 2619 2565 2473 2470 2005 2406 2539
 2604 2897 2933 2876 2600 2784 3056 2463 2526 2566 2553 2683 2988 2769 2315 2853 2554 2603 3018 2347 2588 2861 2617 2717 2267 2764 2557 2512 2870 2603 2481 2836 2682 2952 2738 2746 2765 2698 2766 2519 2929 2831 2632 3108 2833 2699 2209 2337 2958 2446 2623 2724 2637 2676 2586 2507 2934 2503 2638 2714 2493 2737 2449 2563 2533 3002 2775 2937 2906 2589 3076 2639 3007 2910 2565 2813 2723 2661 2840 2756 3113 2498 2680 2788 2710 2683 2727 2770 2848 2733 2619 2348 2911 2801 2798 2734 2829 2258 2623 2818
 2292 2295 2471 2552 2195 2440 2296 2401 2165 2551 2182 2391 2604 2450 2007 2453 2394 2442 2506 2209 2144 2520 2344 2563 2130 2487 2201 2339 2484 2223 2266 2358 2465 2715 2560 2543 2410 2249 2328 2240 2388 2519 2405 2874 2700 2335 1968 1920 2682 1939 2448 2279 2316 2530 2264 2190 2591 2165 2328 2344 2223 2466 2278 2189 2457 2568 2601 2485 2435 2236 2538 2258 2653 2561 2460 2584 2229 2429 2496 2503 2859 2213 2297 2461 2517 2117 2497 2135 2483 2569 2389 2176 2571 2480 2590 2580 2412 2051 2273 2483
 2487 2739 2928 2933 2491 2922 2867 2539 2540 2909 2636 2730 2944 2909 2668 3069 2665 2469 2883 2492 2774 2765 2776 2901 2399 2920 2373 2790 2950 2592 2673 2755 2853 3069 2718 2689 2849 2828 2615 2506 2875 2589 2648 3231 2940 2526 2305 2538 2862 2409 2794 2586 2642 2766 2636 2622 2951 2779 2557 2640 2560 2698 2438 2563 2781 2867 2713 2918 2821 2552 3057 2600 2805 3106 2704 2873 2697 2768 2769 2650 3071 2579 2709 2701 2717 2779 2820 2843 2833 2682 2646 2280 2795 2727 2721 2685 2888 2240 2641 2969
 2197 2616 2347 2690 2272 2433 2447 2356 2208 2317 2145 2169 2642 2465 2215 2395 2250 2384 2648 2239 2436 2327 2487 2453 2010 2492 2243 2131 2568 2223 2191 2360 2544 2467 2642 2368 2231 2460 2214 2118 2471 2384 2182 2678 2745 2253 1811 2185 2661 2034 2306 2343 2151 2769 2303 2226 2495 2060 2388 2195 2208 2470 2089 2159 2429 2653 2391 2513 2521 2296 2565 2259 2554 2586 2429 2450 2438 2385 2274 2403 2544 2169 2094 2680 2495 2363 2283 2455 2269 2409 2468 2024 2570 2531 2371 2350 2425 1871 2267 2672
 2786 2740 2806 3037 2415 2706 2668 2582 2392 2854 2437 2757 2914 2724 2465 2832 2588 2663 3148 2474 2709 2728 2716 2674 2515 2811 2360 2442 2827 2693 2405 2763 2806 2908 2814 2714 2646 2679 2751 2363 2964 2565 2812 2957 2961 2646 2203 2465 2968 2352 2603 2687 2575 2488 2468 2707 2809 2539 2679 2530 2375 3018 2395 2347 2629 2853 2590 2796 2626 2660 3150 2669 2674 3027 2695 2643 2621 2609 2718 2605 2886 2540 2486 2675 2687 2728 2534 2473 2813 2857 2786 2332 2777 2795 2744 2525 2702 2070 2345 2721
 2168 2387 2496 2509 2234 2308 2396 2420 2040 2409 2322 2136 2540 2592 2041 2554 2181 2315 2439 2145 2051 2387 2464 2224 2121 2356 2174 2296 2460 2218 2195 2339 2363 2453 2410 2607 2397 2245 2480 2074 2563 2318 2153 2661 2620 2241 1888 2008 2552 1901 2465 2182 2261 2447 2283 2383 2546 2038 2364 2395 2160 2345 2321 2120 2409 2474 2462 2500 2479 2285 2738 2207 2476 2549 2451 2193 1973 2367 2373 2308 2481 2087 2266 2363 2362 2217 2299 2368 2351 2544 2312 2315 2177 2417 2494 2468 2468 1772 2447 2592
 2281 2585 2780 2669 2345 2847 2609 2645 2564 2477 2541 2559 2829 2873 2387 2758 2408 2546 2967 2495 2378 2668 2633 2500 2314 2778 2491 2580 2745 2237 2412 2637 2655 2844 2693 2611 2609 2755 2601 2418 2738 2501 2573 2919 2626 2633 2126 2207 2771 2129 2658 2754 2348 2711 2364 2368 2730 2527 2478 2270 2615 2752 2254 2451 2622 2864 2712 2573 2641 2695 2876 2397 2677 2889 2548 2779 2442 2692 2659 2459 2806 2447 2511 2735 2565 2548 2845 2595 2821 2509 2620 2149 2859 2769 2668 2540 2666 2227 2309 2719
 2496 2706 2773 2842 2257 2845 2696 2661 2634 2888 2553 2467 3007 2753 2417 2861 2531 2579 3012 2532 2519 2820 2635 2736 2502 2953 2379 2803 2763 2579 2447 2572 2906 2938 2731 2636 2670 2732 2877 2509 2886 2639 2532 2959 2920 2575 2124 2363 2903 2262 2967 2799 2577 2812 2513 2501 2922 2568 2699 2592 2507 2946 2391 2624 2784 2889 2849 2811 2694 2562 2794 2602 2896 3178 2900 2648 2282 2769 2668 2495 2972 2323 2502 2751 2666 2615 2734 2594 2956 2731 2613 2390 2946 2650 2852 2748 2554 2297 2688 2850
 2366 2403 2455 2589 2158 2566 2620 2311 2337 2663 2368 2379 2676 2540 2289 2580 2440 2409 2909 2337 2407 2412 2582 2607 2189 2579 2284 2442 2661 2402 2281 2451 2556 2734 2484 2448 2443 2445 2280 2277 2543 2316 2436 2829 2572 2472 1983 2048 2654 2072 2573 2352 2295 2490 2330 2376 2611 2336 2403 2239 2119 2728 2288 2368 2491 2655 2461 2519 2505 2388 2665 2307 2463 2880 2674 2551 2347 2463 2533 2446 2569 2302 2415 2525 2537 2457 2582 2440 2555 2486 2443 2116 2527 2493 2423 2542 2555 2152 2249 2489
 2431 2984 2752 2889 2460 2773 2739 2337 2511 2833 2529 2723 2817 2768 2403 2909 2722 2602 3028 2337 2652 2776 2786 2625 2430 2642 2429 2668 2845 2543 2709 2616 2928 2915 2575 2702 2814 2462 2655 2260 2724 2520 2601 3348 2849 2491 2141 2416 2676 2234 2620 2654 2663 2610 2630 2684 2750 2521 2462 2451 2582 2798 2480 2375 2652 2870 2681 2774 2637 2630 2971 2676 2821 2961 2490 2702 2632 2723 2585 2668 2923 2486 2373 2538 2757 2694 2842 2619 2708 2654 2611 2099 2978 2708 2813 2856 2557 2282 2593 2868
 2409 2493 2562 2631 2111 2539 2548 2356 2361 2486 2196 2393 2626 2415 2220 2577 2338 2375 2740 2188 2434 2459 2460 2484 2180 2538 2186 2376 2551 2251 2148 2444 2406 2402 2602 2384 2486 2429 2294 2347 2499 2358 2624 2787 2700 2429 1959 2144 2837 2178 2355 2345 2149 2448 2258 2420 2344 2382 2471 2432 2251 2449 2216 2102 2466 2685 2617 2538 2388 2479 2669 2317 2543 2864 2340 2460 2333 2417 2521 2372 2724 2398 2300 2663 2592 2311 2347 2283 2496 2533 2519 2079 2601 2431 2442 2253 2384 2007 2161 2501
 2365 2410 2383 2528 2379 2465 2277 2161 2314 2579 2377 2561 2421 2614 2208 2344 2293 2467 2578 2322 2279 2472 2523 2121 1991 2489 2281 2233 2637 2215 2081 2573 2353 2593 2443 2424 2404 2347 2388 1914 2452 2269 2300 2718 2463 2377 2132 2165 2397 1964 2221 2245 2166 2309 2388 2177 2281 2097 2448 2365 2147 2433 2139 1976 2289 2704 2377 2521 2446 2324 2318 2242 2585 2558 2474 2304 2269 2367 2404 2464 2459 2206 2167 2452 2377 2300 2504 2452 2271 2500 2419 1999 2605 2359 2430 2551 2613 1988 2148 2582
 2615 2937 3014 2941 2557 2805 2688 2403 2605 2909 2386 2591 3145 2895 2517 3055 2799 2831 3232 2642 2804 2834 2771 2780 2347 2658 2713 2719 2900 2567 2418 2682 2797 2953 2693 2738 2767 2763 2948 2622 2868 2638 2676 3131 2941 2676 2270 2661 2905 2382 2805 2701 2741 2729 2514 2465 2951 2608 2610 2667 2624 2880 2638 2663 2823 2968 2874 2990 2766 2673 3019 2606 2687 2941 2693 2642 2615 2663 2663 2679 2974 2533 2544 2729 2690 2583 2766 2668 3019 2869 2637 2448 3068 2756 2813 2803 2792 2449 2581 2905
 2355 2669 2587 2676 2255 2775 2573 2379 2474 2753 2458 2513 2846 2749 2194 2394 2540 2511 2683 2448 2544 2572 2637 2640 2453 2614 2333 2536 2542 2526 2432 2572 2764 3004 2682 2631 2613 2404 2569 2157 2657 2567 2431 2958 2695 2570 2074 2396 2750 1916 2637 2601 2478 2517 2444 2332 2622 2298 2425 2409 2153 2698 2397 2605 2329 2669 2489 2436 2687 2573 2828 2495 2565 2760 2705 2456 2460 2365 2441 2637 2632 2249 2204 2365 2438 2528 2732 2639 2762 2562 2608 2179 2644 2701 2663 2495 2501 2190 2465 2623
 2187 2349 2401 2360 2151 2589 2185 2284 2230 2580 2246 2217 2898 2365 2112 2407 2353 2181 2536 2174 2268 2594 2335 2555 2178 2525 2348 2173 2418 2237 2116 2502 2492 2766 2468 2530 2448 2345 2340 2066 2571 2489 2393 2825 2530 2465 1957 2137 2506 1988 2465 2488 2373 2262 2275 2175 2613 2096 2282 2149 2267 2548 2009 2404 2555 2446 2398 2495 2416 2454 2589 2200 2455 2767 2544 2508 2190 2440 2384 2330 2612 2266 2162 2413 2346 2452 2549 2500 2434 2344 2492 2057 2651 2512 2510 2537 2430 2022 2168 2485
 2161 2364 2452 2461 2097 2558 2351 2421 2176 2551 2289 2404 2751 2302 2328 2507 2121 2286 2568 2378 2228 2651 2167 2426 2265 2691 2145 2282 2469 2243 2289 2605 2373 2681 2479 2453 2369 2377 2277 2141 2599 2181 2192 2775 2526 2291 1953 2261 2616 1897 2649 2452 2216 2316 2238 2361 2504 2177 2236 2112 2133 2491 2216 2102 2546 2589 2424 2506 2277 2345 2620 2400 2606 2721 2470 2264 2272 2358 2119 2460 2601 2173 2332 2423 2496 2380 2497 2474 2539 2438 2533 2066 2471 2440 2552 2549 2338 1893 2343 2633
 2481 2934 2713 2933 2424 2738 2612 2433 2305 2762 2306 2697 2762 2869 2317 2867 2549 2589 2885 2409 2562 2581 3042 2571 2438 2620 2345 2586 2712 2471 2383 2444 2792 2890 2670 2700 2594 2764 2609 2446 2870 2422 2628 3061 2689 2497 2334 2443 2797 2256 2559 2489 2525 2777 2518 2561 2772 2512 2782 2531 2444 2670 2500 2390 2560 2807 2872 2687 2495 2654 2927 2601 2896 2867 2869 2477 2399 2608 2574 2542 2657 2539 2385 2694 2735 2487 2753 2620 2540 2726 2612 2264 2738 2633 2747 2789 2768 2115 2292 2872
 2477 2645 2724 2856 2428 2796 2549 2459 2487 2724 2321 2504 2805 2785 2373 2737 2394 2648 3001 2502 2459 2813 2626 2662 2229 2736 2453 2470 2692 2453 2438 2621 2545 2798 2839 2593 2655 2450 2735 2412 2694 2569 2600 2876 2655 2537 2050 2342 2967 2237 2607 2444 2399 2864 2416 2419 2826 2166 2648 2419 2371 2766 2386 2550 2618 2871 2776 2678 2635 2511 2807 2431 2766 2788 2630 2613 2607 2586 2503 2541 2761 2542 2396 2774 2685 2403 2675 2620 2670 2741 2606 2406 2638 2672 2565 2752 2750 2270 2532 2773
 2052 2556 2585 2446 2282 2646 2546 2339 2353 2647 2296 2627 2794 2537 2186 2645 2327 2438 2738 2335 2136 2685 2431 2293 2453 2622 2384 2640 2603 2356 2315 2377 2421 2697 2451 2477 2766 2407 2584 2191 2606 2388 2334 3096 2540 2409 1964 1914 2649 1975 2659 2458 2414 2562 2312 2345 2429 2336 2452 2310 2388 2596 2370 2217 2517 2630 2590 2604 2345 2451 2737 2405 2623 2670 2617 2565 2337 2585 2440 2338 2612 2396 2266 2458 2418 2366 2621 2444 2601 2612 2424 2126 2657 2445 2675 2575 2545 2188 2273 2596
 2013 2107 2207 2439 1946 2312 2221 2016 2133 2174 1984 2152 2215 2313 1907 2326 2125 2048 2679 2044 2184 2293 2097 2145 2046 2318 2003 2140 2393 1966 1963 2250 2274 2474 2275 2291 2254 2146 2141 2077 2266 2177 2248 2492 2237 2095 1836 2000 2388 1833 2380 2318 2035 2209 2064 2139 2226 2107 2068 2056 2067 2484 1913 1858 2211 2445 2153 2319 2338 2127 2260 2076 2248 2542 2314 2189 2249 2049 2071 2121 2368 2044 1978 2232 2231 2024 2478 2062 2244 2307 2118 1775 2578 2283 2235 2260 2189 1939 1973 2385
 2320 2471 2442 2501 2056 2661 2527 2516 2153 2733 2477 2428 2728 2527 2274 2602 2499 2425 2664 2256 2342 2613 2426 2313 2165 2683 2331 2637 2622 2453 2374 2626 2715 2737 2356 2483 2421 2523 2455 2213 2686 2292 2428 2812 2682 2302 2132 2317 2617 2116 2388 2461 2292 2342 2376 2441 2572 2189 2481 2272 2248 2603 2163 2410 2685 2679 2462 2609 2656 2583 2578 2279 2683 2894 2483 2616 2328 2602 2661 2442 2515 2353 2232 2628 2655 2596 2576 2192 2454 2516 2653 2181 2434 2617 2672 2502 2602 2089 2193 2766
 2480 2515 2774 2554 2173 2715 2429 2397 2541 2518 2296 2462 2758 2706 2251 2567 2275 2420 2754 2319 2528 2823 2488 2437 2212 2811 2231 2357 2622 2365 2108 2445 2712 2714 2564 2448 2579 2493 2727 2318 2800 2527 2382 2974 2626 2441 2058 2271 2727 2202 2387 2529 2469 2455 2396 2259 2634 2412 2435 2441 2259 2603 2174 2345 2566 2592 2764 2592 2392 2496 2616 2224 2770 2876 2806 2438 2338 2632 2378 2362 2543 2385 2319 2389 2575 2437 2551 2387 2553 2457 2400 2398 2714 2569 2612 2531 2657 2179 2462 2801
 2110 2171 2457 2446 2222 2610 2222 2171 2264 2503 2068 2232 2606 2657 2160 2485 2302 2250 2562 2177 2278 2526 2491 2133 2148 2403 2136 2381 2386 2271 2060 2379 2566 2527 2316 2447 2498 2334 2442 2154 2608 2384 2355 2900 2478 2220 2025 1959 2400 2136 2253 2278 2171 2460 2268 2179 2601 2103 2359 2349 2213 2470 2119 2316 2484 2530 2436 2477 2588 2421 2509 2406 2516 2500 2486 2327 2173 2394 2480 2117 2432 2301 2295 2508 2269 2272 2596 2229 2512 2413 2417 2077 2367 2460 2544 2514 2387 1972 2225 2517
 2459 2529 2785 2777 2390 2517 2542 2371 2478 2518 2335 2390 2468 2720 2376 2698 2421 2511 2870 2472 2400 2593 2529 2644 2244 2629 2316 2587 2711 2417 2312 2478 2450 2574 2586 2590 2507 2353 2556 2310 2674 2612 2527 2792 2719 2500 1976 2227 2671 2081 2710 2451 2143 2545 2377 2596 2607 2476 2422 2513 2370 2691 2265 2198 2679 2906 2702 2762 2566 2397 2662 2347 2688 2869 2665 2489 2322 2611 2570 2464 2840 2285 2414 2630 2471 2174 2567 2424 2587 2757 2533 2152 2921 2515 2565 2693 2793 2060 2463 2672
 2166 2197 2425 2443 2129 2365 2342 2068 2150 2352 1962 2365 2546 2367 2094 2351 2223 2129 2655 2041 2341 2463 2293 2419 2045 2638 2251 2235 2499 2152 2163 2366 2615 2576 2329 2491 2282 2306 2211 2122 2403 2317 2158 2579 2487 2291 1876 2133 2482 1983 2461 2367 2154 2448 2146 2093 2463 2145 2192 2147 2243 2484 1984 2049 2557 2557 2270 2670 2315 2263 2448 2318 2552 2771 2476 2450 2430 2276 2289 2263 2442 2222 2056 2269 2423 2211 2558 2337 2294 2220 2274 1752 2444 2362 2319 2221 2234 2010 2154 2499
 2330 2549 2796 2751 2403 2699 2373 2666 2353 2701 2464 2711 2761 2937 2350 2810 2438 2631 2745 2191 2657 2748 2657 2597 2184 2764 2350 2501 2682 2565 2331 2490 2814 2878 2779 2640 2664 2531 2404 2314 2780 2431 2685 3115 2855 2609 2110 2465 2764 2283 2463 2584 2390 2489 2603 2319 2775 2198 2565 2415 2401 2553 2221 2218 2769 2917 2745 2631 2455 2522 2911 2274 2717 2978 2688 2767 2629 2561 2538 2712 2752 2490 2423 2840 2542 2544 2445 2488 2617 2472 2616 2306 2688 2635 2585 2652 2541 2166 2403 2624
 2745 2770 2947 2961 2570 2884 2715 2592 2606 2848 2567 2649 3120 2933 2450 2787 2741 2552 2925 2585 2604 2720 2723 2841 2402 2912 2633 2735 2756 2569 2639 2813 2911 3023 2721 2729 2898 2716 2885 2489 2783 2662 2617 3204 3027 2693 2428 2454 2965 2452 2800 2759 2695 2848 2845 2763 2920 2586 2784 2471 2454 2935 2576 2507 3052 2792 2883 3107 2794 2714 3049 2519 2993 3072 3045 2742 2449 2849 2905 2774 3020 2556 2583 2726 2810 2693 2916 2810 2853 2852 2930 2482 2882 2687 2987 2870 3009 2279 2565 2965
 2462 2812 2750 2768 2447 2675 2742 2463 2571 2718 2551 2543 2793 2600 2418 2666 2572 2605 2982 2315 2501 2752 2467 2679 2261 2840 2530 2724 2632 2481 2599 2728 2664 2867 2746 2648 2793 2534 2702 2390 2578 2692 2654 2987 2984 2536 2129 2269 2957 2164 2746 2547 2622 2755 2452 2700 2828 2496 2810 2521 2470 2804 2512 2323 2844 2796 2783 2960 2682 2588 2904 2463 2696 2977 2660 2860 2398 2630 2633 2773 3000 2639 2455 2628 2510 2671 2636 2758 2660 2788 2667 2193 2643 2700 2828 2909 2725 2195 2564 2836
 2423 2837 2846 3095 2554 2893 2715 2507 2393 2645 2289 2438 2862 2828 2464 2918 2425 2574 2904 2497 2671 2827 2819 2593 2332 2821 2545 2567 2804 2416 2341 2612 2772 2864 2780 2831 2571 2979 2708 2484 2772 2614 2567 2891 2777 2669 2173 2339 2915 2258 2688 2753 2435 2837 2463 2455 2819 2491 2636 2650 2810 2795 2233 2431 2755 2943 2778 2975 2622 2644 2810 2581 2761 3007 2661 2565 2478 2641 2648 2613 2791 2404 2339 2871 2736 2614 2787 2664 2712 2780 2635 2244 2643 2701 2636 2565 2722 2234 2337 2956
 2679 2775 2889 3054 2515 2854 2770 2579 2622 2836 2575 2849 2806 2890 2523 2986 2662 2605 3041 2645 2640 2829 2715 2801 2488 2858 2460 2584 2926 2659 2618 2810 2746 2905 2784 2775 2750 2621 2671 2612 2992 2832 2772 3034 2799 2812 2297 2429 2970 2421 2894 2776 2539 2805 2495 2737 2908 2640 2785 2678 2542 2865 2314 2361 2852 2822 2794 2992 2898 2569 2882 2611 2899 3110 2865 2758 2485 2797 2776 2704 3013 2702 2651 2845 2789 2660 2681 2549 2715 2804 2674 2340 2956 2719 2805 2965 2847 2118 2551 2919
 2587 2638 2828 2803 2444 2677 2601 2566 2595 2777 2642 2515 2892 2887 2512 2744 2602 2640 3004 2624 2720 2750 2731 2912 2400 2724 2395 2589 2987 2515 2537 2741 2944 2880 2667 2701 2654 2635 2594 2472 2931 2610 2502 3159 2943 2643 2246 2661 2953 2433 2742 2530 2540 2814 2617 2754 2875 2552 2509 2482 2344 2875 2487 2321 2847 2876 2771 2773 2858 2550 3118 2352 2825 2956 2901 2779 2542 2694 2660 2859 2780 2518 2665 2681 2818 2766 2663 2716 2699 2760 2791 2445 2840 2858 2863 2813 2803 2280 2544 2769
 2193 2634 2613 2573 2142 2479 2412 2328 2451 2438 2270 2243 2544 2726 2156 2671 2289 2529 2728 2203 2273 2469 2499 2444 2177 2331 2163 2283 2407 2342 2096 2336 2460 2598 2488 2533 2600 2447 2620 2169 2556 2114 2472 2781 2538 2382 2171 1938 2470 2100 2328 2513 2384 2288 2267 2334 2498 2323 2308 2415 2417 2539 2150 2258 2408 2543 2656 2496 2446 2237 2790 2267 2467 2653 2491 2436 2085 2306 2440 2490 2753 2247 2251 2419 2412 2342 2486 2298 2512 2535 2201 2146 2391 2590 2435 2507 2487 2099 2288 2588
 2335 2435 2703 3015 2534 2762 2582 2558 2501 2899 2192 2440 2764 3043 2421 2866 2539 2447 2897 2468 2489 2709 2874 2698 2417 2844 2485 2489 2905 2460 2296 2514 2899 2829 2751 2641 2518 2758 2521 2618 2829 2601 2505 2974 2769 2694 2105 2330 2839 2348 2718 2583 2535 2580 2588 2592 2728 2461 2583 2539 2561 2737 2277 2233 2858 2943 2782 2869 2753 2513 2836 2562 2740 3008 2620 2645 2406 2819 2607 2653 2781 2603 2574 2744 2614 2556 2692 2609 2626 2811 2626 2422 2717 2602 2785 2708 2716 2013 2583 2736
 2569 2742 2792 2729 2277 2675 2791 2352 2472 2619 2410 2531 2883 2775 2263 2871 2442 2629 2982 2319 2590 2771 2613 2717 2271 2931 2629 2577 2718 2461 2655 2714 2719 2725 2710 2690 2880 2639 2693 2381 2732 2560 2578 2930 3093 2593 2096 2452 2888 2335 2495 2696 2587 2595 2379 2627 2781 2411 2673 2516 2455 2584 2480 2343 2702 2762 2804 2752 2730 2671 3174 2474 2820 3046 2739 2698 2510 2488 2687 2734 2827 2457 2396 2570 2626 2566 2661 2592 2705 2649 2715 2251 2858 2666 2931 2519 2670 2187 2487 2779
 2725 2965 2978 2940 2524 2867 2951 2607 2759 2947 2684 2840 3032 3215 2586 3148 2714 2837 3185 2470 2595 3075 2886 2863 2651 2843 2670 2863 3066 2795 2605 2605 3108 3035 2790 2880 2960 2880 3029 2333 3009 2611 2637 3470 3019 2658 2307 2652 3022 2315 2752 2759 2713 2797 2743 2835 2867 2454 2645 2697 2823 3027 2544 2808 3026 3147 2906 2910 2778 2787 3099 2603 3090 3167 2901 2836 2529 2675 2965 2814 3106 2722 2680 2779 2902 2793 3049 2843 2861 3089 2678 2489 2878 2914 2912 2806 3107 2429 2865 3126
 2439 2397 2532 3016 2465 2503 2401 2330 2381 2704 2256 2490 2750 2684 2350 2501 2525 2455 2900 2301 2475 2401 2494 2518 2333 2721 2314 2483 2531 2418 2298 2581 2600 2644 2551 2438 2567 2406 2579 2044 2696 2357 2288 2783 2745 2411 2105 2371 2673 2096 2602 2571 2280 2527 2273 2502 2591 2338 2506 2461 2162 2835 2244 2296 2441 2593 2543 2752 2566 2273 2811 2391 2628 2826 2782 2653 2565 2312 2554 2448 2737 2183 2347 2493 2469 2403 2494 2343 2653 2641 2494 2090 2804 2547 2553 2440 2741 2039 2372 2541
 2262 2437 2577 2445 2218 2613 2333 2391 2204 2388 2037 2274 2712 2585 1995 2443 2115 2309 2592 2124 2213 2413 2464 2326 1982 2453 2177 2113 2411 2325 2039 2292 2489 2521 2368 2497 2361 2489 2420 2008 2490 2198 2333 2702 2519 2180 1838 2190 2551 2066 2293 2340 2342 2424 2191 2236 2459 2168 2108 2335 2100 2485 2170 2085 2273 2602 2446 2373 2305 2302 2740 2268 2418 2431 2372 2311 2160 2350 2382 2409 2510 2346 2128 2377 2517 2325 2381 2326 2460 2446 2364 2166 2324 2380 2433 2448 2365 1921 2132 2568
 2358 2689 2891 2553 2302 2684 2531 2530 2292 2943 2563 2724 2985 2816 2409 2720 2550 2658 2874 2477 2541 2809 2431 2816 2516 2964 2454 2693 2692 2534 2524 2649 2695 3001 2543 2721 2450 2746 2563 2576 2713 2584 2630 3093 2848 2457 2288 2354 2894 2228 2807 2609 2404 2641 2635 2752 2967 2398 2588 2343 2343 2787 2530 2495 2898 2763 2723 2681 2696 2723 2949 2526 2929 3041 2841 2848 2483 2816 2761 2628 2720 2558 2565 2616 2709 2532 2782 2589 2757 2619 2847 2139 2892 2714 3032 2826 2662 2458 2455 2671
 2459 2462 2636 2718 2200 2532 2528 2257 2354 2585 2265 2388 2711 2725 2245 2665 2613 2402 2765 2393 2390 2678 2463 2587 2235 2475 2438 2492 2837 2500 2497 2281 2610 2793 2588 2629 2791 2424 2731 2356 2766 2520 2523 3042 2649 2501 2067 2184 2661 2245 2537 2412 2588 2567 2254 2544 2642 2454 2468 2453 2550 2745 2374 2328 2825 2517 2524 2677 2698 2516 2915 2279 2723 2926 2751 2570 2477 2543 2616 2552 2693 2100 2493 2619 2608 2614 2559 2444 2604 2602 2361 2305 2556 2588 2598 2675 2623 2305 2432 2674
 2224 2438 2509 2741 2294 2593 2645 2390 2364 2620 2217 2344 2731 2673 2305 2560 2494 2358 2860 2267 2435 2420 2588 2634 2204 2713 2506 2445 2628 2506 2372 2479 2630 2812 2676 2469 2490 2620 2331 2449 2712 2587 2526 2759 2651 2710 2084 2293 2780 2339 2505 2585 2289 2604 2395 2334 2754 2384 2609 2434 2449 2584 2191 2193 2678 2711 2570 2724 2794 2467 2776 2378 2550 2870 2664 2880 2383 2577 2696 2473 2654 2405 2197 2617 2383 2320 2391 2510 2475 2424 2678 2123 2644 2518 2706 2527 2456 2170 2281 2559
 2181 2401 2461 2543 2244 2488 2414 2222 2492 2500 2376 2401 2673 2480 2210 2556 2294 2321 2719 2138 2156 2563 2514 2511 2501 2531 2361 2519 2675 2150 2315 2508 2661 2411 2727 2497 2508 2189 2435 2140 2674 2503 2329 2819 2674 2502 1677 1986 2748 1934 2520 2434 2341 2401 2302 2473 2499 2017 2403 2287 2257 2529 2083 2281 2594 2639 2536 2666 2451 2383 2680 2327 2670 2782 2559 2561 2407 2397 2436 2327 2606 2217 2248 2516 2620 2506 2587 2473 2351 2523 2476 2111 2727 2544 2474 2394 2412 2040 2293 2638
 2259 2445 2680 2527 2214 2504 2207 2289 2287 2687 2337 2349 2740 2580 2255 2636 2393 2434 2628 2389 2264 2850 2336 2457 2098 2665 2422 2508 2678 2329 2350 2497 2465 2654 2503 2799 2590 2322 2430 2135 2630 2424 2436 2975 2914 2235 2016 2101 2677 2066 2600 2475 2356 2606 2283 2454 2756 2378 2364 2351 2433 2706 2267 2180 2591 2629 2542 2660 2567 2444 2786 2353 2535 2709 2609 2379 2320 2578 2579 2424 2698 2206 2262 2558 2559 2273 2635 2435 2511 2518 2585 2102 2624 2435 2656 2695 2291 2145 2247 2692
 2715 2893 2766 2905 2630 2937 2926 2746 2763 3139 2887 2930 2983 2973 2643 3010 2650 2592 3390 2589 2631 2872 2972 2863 2656 3038 2810 3009 3076 2722 2738 2858 3137 3143 3084 2911 2997 2810 3098 2457 3103 2952 2933 3168 2987 2757 2202 2443 3144 2297 2890 2808 2602 3016 2691 2764 2831 2638 2904 2664 2625 3106 2646 2757 2917 3347 3082 2998 2664 2762 3177 2690 3102 3226 3141 2933 2681 2782 2910 2683 3165 2550 2515 3112 2959 2692 2813 2822 2914 2732 2791 2472 3151 2738 2959 2885 2979 2509 2692 3094
 2161 2476 2738 2548 2461 2549 2548 2384 2383 2437 2214 2283 2751 2515 2386 2684 2519 2595 2866 2316 2278 2395 2611 2603 2149 2512 2460 2493 2619 2330 2135 2472 2348 2622 2471 2712 2516 2458 2603 2166 2571 2338 2334 2648 2671 2247 2061 2349 2539 2114 2594 2392 2127 2718 2333 2393 2490 2371 2444 2529 2210 2585 2397 2312 2505 2667 2844 2685 2355 2198 2650 2513 2744 2838 2609 2513 2185 2366 2360 2270 2617 2355 2341 2587 2507 2331 2360 2425 2560 2664 2480 1978 2542 2484 2413 2768 2677 2107 2418 2779
 2628 2740 2702 2734 2505 2594 2733 2572 2624 2848 2657 2597 2941 2797 2450 2802 2633 2713 3166 2342 2492 2796 2485 2540 2338 2994 2527 2774 2808 2582 2543 2778 2831 2904 2788 2586 2744 2615 2889 2462 2850 2643 2559 3246 2869 2482 2221 2357 2935 2288 2812 2604 2635 2793 2466 2651 2958 2430 2745 2670 2474 2884 2417 2457 2705 2936 2691 3086 2781 2654 2691 2656 2954 3086 2904 2765 2526 2734 2781 2672 3066 2529 2650 2672 2992 2555 2927 2575 2803 2691 2505 2306 2953 2607 2914 2769 2800 2555 2485 2867
 2237 2563 2508 2611 2226 2471 2302 2377 2255 2674 2179 2412 2831 2534 2145 2530 2425 2599 2643 2362 2259 2663 2278 2386 2197 2693 2287 2438 2603 2320 2290 2392 2548 2609 2394 2331 2343 2334 2349 2308 2550 2318 2164 2840 2438 2436 1945 2176 2650 1913 2575 2590 2224 2361 2324 2248 2719 2195 2372 2416 2166 2487 2304 2242 2493 2624 2501 2557 2413 2359 2537 2338 2624 2816 2477 2511 2237 2399 2504 2735 2687 2366 2128 2448 2391 2295 2761 2322 2495 2446 2466 2025 2693 2532 2543 2705 2540 2198 2410 2548
 2259 2334 2456 2711 2239 2561 2342 2247 2239 2547 2179 2327 2753 2483 2309 2640 2574 2476 2736 2342 2382 2567 2480 2370 2196 2542 2379 2442 2661 2402 2336 2672 2566 2754 2582 2453 2596 2331 2541 2266 2636 2604 2517 2807 2806 2332 2058 2217 2692 2216 2367 2454 2265 2443 2440 2423 2586 2264 2559 2271 2237 2678 2145 2199 2563 2536 2342 2594 2418 2447 2607 2344 2556 2941 2572 2579 2336 2424 2441 2200 2608 2207 2065 2538 2338 2571 2637 2394 2464 2525 2545 2208 2663 2583 2513 2602 2550 1977 2376 2657
 2396 2558 2464 2689 2265 2534 2692 2267 2590 2553 2294 2510 2513 2719 2253 2709 2388 2432 2829 2367 2457 2505 2598 2436 2231 2627 2272 2592 2725 2371 2463 2507 2668 2639 2608 2556 2783 2471 2719 2219 2605 2392 2415 2980 2666 2476 2146 2162 2665 2085 2308 2337 2325 2518 2297 2359 2250 2296 2502 2418 2417 2603 2275 2250 2469 2794 2554 2715 2647 2503 2718 2288 2777 2758 2596 2492 2427 2391 2479 2469 2676 2375 2318 2639 2582 2359 2545 2425 2521 2550 2579 2208 2625 2425 2848 2380 2613 2181 2432 2641
 2531 2769 2797 2926 2473 2689 2638 2571 2619 2622 2488 2785 2791 2876 2423 2801 2777 2570 2857 2410 2513 2786 2731 2766 2472 2735 2397 2647 2571 2462 2417 2650 2631 2955 2663 2555 2838 2698 2743 2295 2926 2654 2385 3132 2718 2584 2256 2267 2692 2551 2648 2509 2524 2744 2500 2546 2713 2395 2569 2583 2396 2826 2510 2493 2597 2800 2917 2858 2772 2501 2999 2661 2978 2820 2736 2784 2531 2496 2688 2698 2886 2537 2558 2639 2743 2557 2511 2569 2659 2702 2645 2066 2785 2688 2878 2822 2766 2243 2523 2778
 2640 2838 2662 2769 2228 2633 2674 2518 2365 2759 2553 2425 2600 2804 2170 2713 2581 2527 2856 2347 2447 2656 2553 2748 2376 2640 2379 2462 2642 2624 2482 2653 2938 2957 2624 2705 2553 2728 2618 2346 2902 2814 2319 2868 2797 2473 2116 2320 2701 2151 2707 2652 2503 2615 2456 2631 2752 2238 2582 2493 2414 2836 2445 2454 2664 2819 2598 2868 2775 2576 2714 2463 2991 2907 2768 2678 2509 2641 2640 2604 2849 2350 2413 2574 2658 2460 2696 2487 2636 2570 2586 2147 2804 2688 2840 2682 2728 2199 2609 2868
 2330 2558 2377 2561 2103 2637 2379 2271 2369 2502 2356 2320 2631 2613 2173 2547 2444 2332 2741 2227 2239 2359 2540 2294 2306 2452 2313 2398 2398 2343 2411 2628 2563 2541 2467 2273 2468 2251 2478 2098 2658 2544 2478 2754 2363 2380 1953 1983 2684 2102 2413 2405 2104 2453 2369 2577 2427 2339 2454 2241 2108 2581 2253 2304 2384 2577 2516 2240 2423 2501 2673 2253 2665 2774 2406 2583 2193 2579 2595 2411 2567 2186 2317 2596 2418 2565 2589 2428 2419 2241 2469 2023 2777 2548 2662 2478 2511 2179 2272 2505
 2247 2589 2579 2666 2232 2707 2587 2262 2393 2700 2376 2551 2838 2566 2298 2568 2444 2600 2634 2494 2464 2673 2504 2474 2306 2691 2496 2688 2572 2361 2523 2593 2724 2922 2645 2672 2766 2532 2728 2230 2642 2443 2403 2939 2758 2358 2165 2342 2593 2185 2481 2554 2504 2697 2340 2461 2632 2346 2561 2303 2493 2679 2432 2335 2654 2796 2634 2659 2727 2595 2766 2398 2831 2633 2568 2454 2365 2477 2617 2538 2662 2490 2237 2582 2610 2571 2656 2578 2588 2796 2643 2286 2676 2526 2706 2692 2645 2098 2586 2779
 2381 2638 2629 2445 2196 2484 2505 2247 2415 2628 2308 2301 2618 2640 2207 2582 2563 2667 2765 2187 2289 2444 2556 2447 2117 2379 2164 2149 2662 2491 2195 2529 2722 2648 2476 2543 2329 2428 2404 2200 2601 2430 2242 2915 2726 2249 2164 2202 2556 2119 2474 2417 2532 2339 2415 2337 2462 2257 2427 2468 2404 2586 2271 2156 2268 2549 2435 2538 2591 2285 2492 2347 2598 2722 2373 2532 2190 2652 2320 2474 2645 2279 2464 2166 2684 2465 2602 2339 2494 2620 2207 2097 2564 2601 2577 2493 2423 2100 2397 2674
 2465 2755 2712 2709 2302 2691 2584 2593 2268 2543 2209 2539 3087 2868 2398 3021 2349 2593 2896 2554 2459 2611 2658 2548 2358 2624 2551 2420 2829 2557 2403 2628 2716 2700 2558 2696 2581 2801 2657 2409 2786 2487 2570 2952 2679 2514 2196 2405 2858 2459 2586 2553 2561 2650 2575 2584 2579 2367 2413 2497 2536 2462 2220 2221 2781 2730 2788 2782 2471 2647 2931 2458 2707 2768 2631 2643 2316 2737 2651 2655 2679 2514 2141 2693 2658 2672 2725 2631 2513 2600 2539 2375 2827 2624 2748 2672 2769 2160 2318 2811
 2181 2420 2547 2369 2021 2507 2333 2269 2008 2604 2322 2369 2643 2436 2215 2449 2244 2456 2645 2263 2263 2584 2317 2446 2121 2465 2214 2235 2435 2264 2232 2495 2550 2541 2425 2443 2205 2272 2293 2204 2497 2254 2320 2651 2549 2205 1902 2347 2686 1993 2507 2314 2220 2490 2159 2227 2529 2059 2449 2192 2277 2510 2194 2384 2532 2512 2593 2210 2455 2353 2642 2155 2548 2555 2411 2400 2283 2207 2386 2503 2452 2250 2151 2390 2444 2317 2403 2266 2412 2340 2290 2163 2469 2539 2405 2465 2472 1990 2228 2478
 2197 2413 2407 2667 2195 2421 2311 2376 2012 2336 1895 2277 2752 2614 2057 2508 2431 2450 2609 2120 2170 2293 2559 2314 2181 2474 2409 2147 2318 2215 2129 2157 2427 2591 2307 2650 2409 2502 2415 1991 2419 2238 2421 2716 2526 2159 2140 2098 2439 2047 2321 2366 2257 2413 2253 2258 2464 2216 2300 2345 2320 2408 2031 1971 2451 2338 2576 2420 2114 2413 2567 2155 2597 2574 2413 2435 2134 2466 2339 2241 2598 2125 2075 2506 2272 2408 2412 2371 2372 2477 2491 2043 2477 2382 2511 2479 2366 1946 2185 2608
 2292 2657 2897 2775 2419 2857 2501 2609 2639 2834 2578 2494 3000 2929 2415 3021 2574 2476 2740 2528 2346 2644 2817 2571 2347 2786 2664 2745 2888 2470 2540 2787 2972 2745 2648 2818 2637 2579 2762 2434 2984 2560 2500 3000 2855 2558 2186 2466 2761 2282 2694 2761 2459 2845 2522 2476 2819 2656 2627 2716 2522 2856 2243 2420 2678 2806 2730 3012 2817 2560 2833 2528 3010 3129 2795 2670 2225 2738 2788 2447 2841 2367 2500 2794 2812 2572 2778 2717 2659 2914 2749 2360 2915 2590 2885 2743 2744 2278 2699 3032
 2262 2387 2463 2572 2235 2468 2504 2344 2233 2500 2167 2428 2778 2664 2308 2547 2402 2464 2780 2216 2179 2351 2493 2410 2351 2635 2282 2405 2601 2264 2216 2375 2449 2695 2581 2714 2554 2483 2551 2406 2573 2166 2543 2819 2586 2472 2150 2151 2732 2177 2475 2523 2399 2568 2113 2328 2406 2360 2335 2093 2500 2569 2053 2096 2621 2639 2462 2637 2444 2251 2834 2460 2502 2774 2558 2550 2519 2386 2387 2420 2599 2211 2270 2478 2472 2332 2487 2405 2460 2459 2339 2216 2483 2439 2390 2504 2344 2008 2136 2537
 2298 2377 2555 2518 2185 2593 2330 2108 2443 2328 2196 2352 2627 2481 2034 2584 2412 2318 2691 2345 2233 2504 2662 2475 2152 2259 2299 2260 2643 2229 2291 2448 2442 2524 2602 2542 2523 2422 2536 2251 2415 2474 2374 2654 2560 2560 1978 2328 2855 2256 2356 2385 2209 2521 2315 2233 2335 2221 2373 2308 2331 2465 2156 2264 2294 2609 2618 2540 2654 2357 2645 2177 2511 2518 2533 2500 2054 2329 2368 2207 2463 2260 2271 2579 2410 2200 2437 2303 2318 2582 2320 2193 2678 2504 2401 2669 2516 1926 2393 2602
 2488 2548 2815 2661 2378 2666 2549 2419 2401 2707 2342 2531 2780 2674 2183 2623 2463 2591 2838 2265 2294 2702 2460 2511 2391 2720 2273 2373 2581 2337 2283 2612 2669 2850 2583 2614 2361 2471 2615 2287 2863 2452 2457 2968 2599 2401 2082 2228 2754 2131 2655 2649 2321 2520 2262 2453 2762 2218 2488 2536 2279 2641 2398 2581 2476 2771 2573 2672 2550 2675 2879 2617 2724 2801 2599 2487 2432 2546 2855 2460 2786 2342 2532 2445 2751 2407 2635 2422 2778 2688 2691 2178 2763 2625 2649 2575 2421 2223 2459 2647
 2310 2459 2423 2573 2130 2655 2315 2500 2396 2575 2446 2248 2540 2504 2266 2792 2336 2206 2649 2383 2308 2310 2697 2518 1983 2354 2358 2489 2623 2368 2188 2468 2545 2665 2541 2499 2464 2566 2417 2047 2547 2271 2251 2714 2569 2401 2018 2214 2581 2142 2397 2292 2204 2543 2350 2314 2455 2356 2233 2261 2141 2543 2296 2160 2455 2505 2396 2636 2276 2423 2613 2268 2583 2793 2431 2459 2052 2542 2289 2391 2432 1995 2097 2531 2449 2538 2469 2503 2474 2407 2430 2043 2256 2400 2545 2528 2462 2035 2345 2745
 2786 2930 2880 2908 2463 2800 2901 2708 2686 2918 2815 2812 3115 2897 2638 2992 2644 2614 2968 2691 2719 2798 2713 2927 2504 3004 2477 2804 2925 2573 2767 2720 2915 3247 2704 2732 2977 2913 2930 2436 3032 2538 2641 3302 2887 2685 2365 2684 2989 2522 2770 2820 2839 2851 2496 2736 2993 2852 2557 2681 2523 2894 2616 2607 2905 2782 2767 3128 2652 2779 3284 2661 2782 3252 2978 2738 2641 2778 2836 2692 3136 2351 2596 2657 2858 2861 2723 2805 2911 2738 2816 2382 3007 2689 2742 2786 2822 2398 2556 3083
 2305 2597 2431 2609 2069 2425 2604 2329 2245 2565 2254 2379 2745 2409 2262 2509 2394 2454 2662 2184 2346 2464 2256 2581 2218 2661 2188 2564 2538 2390 2380 2409 2559 2807 2437 2530 2516 2482 2496 2345 2400 2192 2469 2870 2765 2234 2125 2313 2680 2086 2583 2420 2492 2365 2363 2380 2490 2486 2344 2324 2434 2519 2231 2282 2526 2488 2571 2693 2386 2359 2705 2301 2680 2682 2550 2632 2375 2351 2366 2547 2723 2208 2057 2308 2681 2533 2581 2382 2437 2459 2396 2140 2597 2495 2538 2504 2362 2209 2187 2552
 2432 2562 2617 2806 2406 2526 2669 2588 2452 2564 2404 2665 2779 2853 2334 2839 2692 2409 2948 2308 2333 2545 2741 2486 2314 2712 2492 2774 2812 2455 2658 2677 2768 3014 2603 2746 2693 2466 2756 2298 2713 2590 2681 2948 2739 2573 2105 2246 2836 2277 2923 2465 2543 2726 2725 2543 2819 2451 2643 2492 2330 2705 2573 2508 2752 2835 2808 2867 2652 2644 2806 2633 2992 3015 2738 2818 2552 2819 2550 2517 2810 2407 2398 2693 2675 2550 2776 2628 2665 2698 2585 2249 2804 2549 2811 2668 2776 2394 2581 2901
 2241 2633 2701 2835 2467 2786 2540 2330 2425 2824 2256 2498 2862 2880 2361 2731 2548 2346 2828 2249 2388 2491 2740 2517 2464 2583 2227 2461 2739 2533 2304 2582 2818 2758 2631 2496 2503 2440 2428 2277 2799 2515 2434 3067 2735 2506 2082 2275 2813 2226 2552 2509 2308 2755 2765 2386 2624 2392 2485 2470 2303 2753 2293 2403 2544 2731 2623 2764 2596 2442 2706 2670 2773 2890 2518 2673 2403 2747 2730 2425 2650 2378 2420 2497 2638 2373 2692 2451 2582 2755 2497 2214 2756 2728 2781 2489 2685 2132 2473 2744
 2516 2719 2831 2842 2490 2974 2751 2605 2615 2880 2626 2800 3021 2897 2366 3042 2611 2810 3004 2692 2555 2881 2780 2705 2439 2811 2397 2645 2875 2496 2565 2823 2833 3020 2872 2691 2638 2789 2964 2666 2823 2685 2572 3369 2997 2821 2320 2422 3204 2521 2865 2602 2742 2801 2778 2453 2603 2469 2673 2540 2536 2781 2480 2491 2727 2874 2865 2764 2866 2745 2926 2384 2950 2947 2680 2877 2518 2813 2755 2866 2890 2603 2589 2697 2807 2790 2708 2667 2795 2855 2637 2627 2953 2747 3005 2699 2845 2518 2528 2823
 2020 2480 2359 2566 2252 2495 2333 2193 2242 2511 2329 2226 2336 2451 2292 2595 2146 2380 2512 2195 2200 2618 2365 2437 2170 2432 2180 2422 2363 2226 2117 2379 2325 2520 2497 2337 2422 2240 2246 2006 2547 2165 2166 2799 2582 2257 1857 2159 2353 1956 2366 2092 2182 2133 2314 2286 2495 2067 2356 2190 2047 2547 2115 2094 2477 2665 2369 2545 2301 2254 2490 2204 2498 2573 2274 2191 2235 2277 2276 2273 2549 2250 2002 2528 2204 2448 2447 2393 2453 2283 2316 1851 2391 2324 2369 2338 2384 1935 2245 2446
 2729 2731 2818 2932 2571 2804 2766 2432 2834 2842 2470 2762 3059 2800 2647 2941 2652 2655 3203 2495 2752 2891 2778 2770 2260 2805 2646 2579 2948 2513 2566 2893 2837 3015 2771 2680 2675 2892 2780 2394 2812 2720 2676 3118 2896 2848 2369 2439 3017 2403 2622 2620 2638 2726 2680 2460 2776 2502 2650 2432 2580 2780 2549 2636 2759 2795 2861 2873 2807 2707 2909 2602 2770 3022 2800 2871 2765 2620 2782 2782 2989 2591 2658 2652 2834 2599 2983 2771 2650 2727 2813 2232 3006 2861 2907 2614 2806 2317 2388 2838
 2175 2479 2335 2382 2094 2457 2278 2225 2288 2480 2214 2353 2653 2559 2077 2372 2222 2312 2671 2270 2249 2594 2377 2542 2166 2509 2345 2314 2476 2514 2302 2326 2414 2678 2377 2314 2409 2448 2409 2025 2574 2426 2370 2800 2418 2305 2014 2242 2569 2233 2353 2392 2256 2489 2401 2184 2619 2312 2304 2269 2148 2404 2184 2332 2376 2635 2520 2500 2386 2313 2513 2221 2626 2373 2383 2499 2155 2467 2478 2447 2576 2242 2054 2571 2287 2447 2559 2404 2445 2334 2198 1889 2618 2468 2571 2636 2530 2070 2117 2518
 2321 2486 2481 2659 2352 2478 2350 2433 2207 2512 2437 2363 2720 2562 2261 2539 2375 2520 2778 2439 2322 2406 2571 2357 2197 2325 2223 2335 2667 2246 2337 2673 2508 2579 2350 2448 2507 2394 2665 2073 2600 2205 2351 2720 2684 2258 2029 2278 2589 2193 2415 2379 2447 2499 2461 2558 2375 2241 2420 2240 2210 2578 2297 2153 2425 2711 2447 2614 2493 2269 2795 2417 2568 2560 2493 2318 2192 2393 2339 2382 2560 2188 2210 2347 2683 2509 2590 2440 2464 2621 2324 2213 2650 2564 2472 2562 2595 1850 2353 2636
 2517 2888 2792 2982 2371 2701 2834 2455 2392 2715 2386 2513 2772 2694 2500 2868 2577 2603 2939 2764 2742 2855 2666 2915 2418 2645 2489 2453 2892 2621 2624 2662 2701 2878 2743 2692 2605 2821 2573 2414 2892 2788 2566 2955 2765 2498 2283 2332 2736 2301 2668 2531 2560 2682 2391 2572 2879 2469 2462 2705 2633 2660 2512 2350 2673 2789 2611 2822 2805 2543 2794 2522 2775 2838 2800 2509 2471 2733 2717 2678 2892 2440 2265 2686 2763 2573 2788 2533 2549 2653 2691 2090 2846 2719 2893 2741 2932 2176 2485 2928
 2254 2306 2643 2590 2310 2477 2501 2251 2395 2599 2264 2293 2798 2570 2288 2745 2387 2466 2670 2359 2425 2581 2433 2438 2245 2547 2297 2413 2770 2347 2137 2543 2555 2608 2655 2556 2410 2372 2582 2374 2566 2507 2335 2815 2640 2429 2153 2194 2652 2057 2606 2545 2460 2356 2456 2340 2699 2223 2279 2436 2305 2529 2122 2324 2442 2574 2399 2664 2682 2239 2573 2353 2571 2791 2492 2461 2278 2509 2486 2371 2667 2369 2382 2371 2409 2358 2621 2452 2418 2477 2560 2288 2665 2324 2575 2473 2437 2110 2282 2521
 2456 2613 2629 2696 2362 2650 2629 2746 2499 2662 2408 2637 2802 2715 2428 2750 2443 2639 3014 2324 2671 2607 2474 2570 2235 2655 2490 2625 2700 2587 2383 2570 2668 2911 2703 2552 2719 2513 2762 2106 2699 2477 2651 2863 2615 2445 2101 2246 2652 2278 2455 2525 2395 2567 2420 2457 2821 2333 2530 2529 2375 2591 2346 2344 2612 2959 2749 2662 2564 2457 2865 2359 2773 2876 2577 2675 2451 2596 2499 2570 2963 2474 2329 2666 2724 2478 2478 2239 2614 2707 2383 2111 2730 2617 2568 2636 2711 2221 2461 2710
 2306 2356 2339 2744 2296 2607 2527 2517 2335 2504 2387 2365 2724 2489 2346 2640 2332 2455 2760 2399 2182 2484 2718 2513 2335 2652 2195 2412 2823 2287 2478 2665 2579 2747 2541 2471 2329 2346 2473 2286 2768 2501 2465 2967 2622 2573 2154 2146 2773 2076 2606 2373 2377 2472 2320 2370 2813 2505 2379 2273 2217 2486 2178 2425 2659 2628 2470 2663 2489 2405 2633 2460 2764 2818 2650 2640 2328 2677 2448 2555 2728 2185 2400 2750 2569 2568 2720 2463 2494 2481 2404 2170 2494 2630 2605 2681 2768 2167 2126 2618
 2417 2410 2601 2679 2345 2641 2518 2326 2428 2307 2357 2403 2663 2594 2085 2480 2487 2618 2907 2216 2171 2567 2491 2201 2006 2623 2130 2175 2706 2224 2142 2829 2537 2607 2452 2622 2554 2304 2587 2169 2510 2501 2388 2855 2729 2432 2055 2090 2721 2179 2511 2536 2476 2393 2367 2224 2540 2183 2410 2436 2310 2652 2254 2432 2468 2783 2750 2435 2736 2409 2843 2342 2660 2704 2559 2613 2451 2360 2504 2533 2586 2501 2276 2553 2569 2329 2611 2519 2553 2560 2567 2336 2585 2681 2617 2715 2522 2055 2564 2626
 2514 2775 2700 2816 2290 2803 2762 2404 2560 2670 2409 2568 2687 2738 2439 2876 2623 2527 3014 2324 2636 2750 2605 2739 2325 2630 2402 2631 2728 2413 2543 2552 2920 2688 2559 2469 2759 2405 2593 2190 2741 2523 2526 3087 2780 2538 2070 2383 2578 2220 2665 2553 2490 2526 2411 2437 2811 2403 2457 2671 2361 2603 2371 2439 2823 2852 2812 2762 2627 2597 2991 2445 2808 2927 2666 2653 2487 2454 2726 2651 2923 2523 2394 2641 2644 2662 2571 2578 2721 2555 2552 2127 2701 2688 2757 2695 2577 2231 2522 2866
