 444671 664174 647867 581072 730979 586488 432328 412986 476225 605062
 357892 669203 647913 422568 486259 334880 514906 430195 385877 448774
 320067 635591 477987 460505 559468 551700 354598 404021 466645 343974
 556381 855967 722151 713888 712796 579782 555411 490496 662598 733035
 533251 853925 764629 506536 683623 631158 532230 578457 487217 441158
 513095 667608 724237 533770 447056 499207 567686 514384 472963 541640
 495867 792442 747479 532576 844606 687084 565264 514020 597575 626038
 619015 897545 737624 640678 751009 593754 618567 603787 506627 654274
 468690 755439 824631 526639 550979 549042 618169 557141 442699 492515
 478904 863281 882313 662496 580710 550073 550833 510082 564881 483892
