 2265 2603 2336 2311 2282 2304 2601 2619 2195 2307 2515 2411 2383 2483 2510 2401 2473 2574 2220 2686 2214 2501 2229 2437 2699 2590 2720 2563 2595 2466 2414 2299 2511 1983 2492 2500 2445 2762 2284 2323 2217 2299 2509 2889 2268 2520 2173 2570 2383 2249 2271 2464 2319 2662 2535 2355 2278 2641 2595 2431 2371 2104 2675 2452 2347 2390 2758 2334 2382 2348 2487 2261 2371 2405 2519 2459 2644 2500 2342 2413 2372 2416 2230 2512 2317 2078 2413 2445 2519 2238 2392 2161 2162 2398 2232 2400 2560 2523 2463 2300
 2370 2674 2411 2332 2352 2341 2542 2556 2429 2309 2568 2246 2450 2532 2419 2331 2564 2432 2216 2640 2052 2567 2082 2365 2674 2428 2905 2432 2514 2229 2496 2438 2470 1884 2571 2307 2534 2564 2071 2334 2128 2406 2826 2879 2361 2513 2313 2717 2469 2598 2188 2477 2367 2490 2525 2397 2382 2445 2740 2455 2572 2243 2406 2298 2480 2379 2663 2185 2229 2334 2603 2199 2438 2374 2515 2614 2633 2592 2324 2412 2540 2166 2330 2286 2314 2254 2247 2420 2418 2258 2405 2280 2330 2417 2361 2615 2731 2375 2438 2547
 2394 2609 2464 2474 2390 2503 2618 2677 2439 2517 2697 2253 2607 2561 2543 2460 2550 2499 2191 2773 2249 2557 2165 2561 2689 2349 2595 2471 2674 2450 2257 2306 2420 2025 2633 2340 2542 2599 2255 2530 2316 2216 2609 2886 2434 2549 2265 2679 2514 2559 2119 2474 2552 2528 2586 2517 2602 2633 2668 2445 2565 2250 2423 2390 2450 2683 2723 2245 2439 2316 2427 2280 2553 2478 2662 2456 2664 2388 2228 2279 2623 2204 2346 2324 2308 2197 2184 2547 2520 2299 2229 2337 2209 2393 2293 2595 2567 2406 2413 2422
 2366 2529 2471 2445 2198 2306 2524 2766 2494 2416 2531 2365 2594 2617 2494 2428 2549 2418 2216 2790 2203 2375 2415 2435 2665 2534 2779 2440 2406 2381 2414 2390 2551 2140 2547 2464 2533 2630 2134 2364 2297 2289 2495 2881 2264 2595 2179 2606 2499 2418 2333 2360 2526 2595 2670 2438 2297 2435 2561 2391 2402 2077 2299 2326 2387 2483 2637 2398 2581 2467 2355 2210 2552 2321 2684 2589 2748 2473 2239 2394 2408 2440 2347 2577 2587 2039 2338 2425 2477 2397 2500 2411 2206 2414 2557 2457 2525 2412 2587 2469
 2570 2788 2481 2680 2410 2544 2709 2846 2369 2597 2554 2492 2551 2765 2642 2475 2495 2743 2326 2769 2197 2547 2311 2502 2845 2634 2753 2465 2772 2397 2551 2439 2695 2154 2757 2639 2713 2906 2330 2623 2382 2266 2742 2993 2669 2573 2455 2801 2498 2436 2333 2438 2727 2730 2613 2571 2459 2670 3018 2324 2446 2369 2605 2352 2614 2682 2693 2423 2566 2455 2440 2224 2552 2552 3060 2647 2856 2596 2686 2456 2542 2499 2466 2576 2324 2344 2485 2627 2567 2384 2449 2441 2211 2657 2591 2563 2852 2478 2548 2611
 2526 2749 2643 2550 2297 2514 2836 2821 2478 2875 2719 2409 2767 2723 2663 2588 2687 2405 2098 2923 2289 2669 2241 2588 2814 2240 2882 2655 2511 2607 2338 2279 2758 2180 2602 2460 2449 2665 2310 2583 2520 2310 2764 3061 2520 2786 2327 2919 2653 2751 2408 2497 2639 2585 2628 2554 2292 2547 2740 2516 2692 2348 2489 2463 2463 2629 2569 2443 2550 2597 2576 2216 2449 2550 2768 2607 2775 2698 2431 2450 2525 2477 2361 2515 2207 2510 2313 2440 2399 2292 2431 2462 2442 2560 2362 2613 2672 2509 2696 2688
 2369 2459 2367 2362 2346 2313 2547 2543 2179 2477 2488 2125 2469 2409 2407 2583 2571 2573 2270 2808 2240 2442 2183 2500 2662 2567 2549 2483 2394 1980 2491 2261 2658 1984 2451 2320 2260 2577 2305 2345 2291 2108 2668 2735 2299 2346 2127 2466 2336 2276 2210 2366 2619 2276 2587 2411 2301 2385 2620 2262 2361 2305 2380 2288 2354 2544 2538 2282 2499 2446 2368 2061 2279 2249 2629 2519 2742 2507 2204 2401 2339 2326 2050 2298 2089 2032 2076 2392 2409 2219 2420 2355 2076 2337 2348 2517 2587 2297 2386 2497
 2490 2715 2430 2321 2521 2344 2685 2731 2250 2627 2467 2384 2681 2532 2448 2392 2591 2619 2135 2715 2076 2524 2125 2429 2677 2479 2583 2539 2508 2627 2487 2253 2492 2003 2586 2502 2625 2544 2279 2379 2399 2358 2540 2737 2391 2600 2185 2531 2501 2273 2188 2513 2356 2521 2508 2380 2404 2472 2741 2231 2447 2176 2592 2424 2211 2557 2629 2372 2531 2269 2536 2228 2239 2527 2765 2559 2704 2723 2315 2318 2224 2438 2256 2533 2383 1972 2350 2412 2346 2159 2148 2399 2218 2418 2316 2382 2668 2395 2490 2417
 2120 2363 2168 1930 2241 2251 2311 2420 2090 2094 2360 2030 2353 2429 2172 2182 2315 2320 2063 2520 1952 2149 2136 2248 2525 2376 2474 2154 2258 2207 2071 2029 2114 1943 2317 2324 2337 2390 1943 2223 2146 2191 2330 2562 2161 2240 1995 2553 2187 2156 1996 2334 2220 2220 2432 2158 1939 2335 2324 2103 2404 2018 2237 2237 2176 2413 2457 2092 2434 2295 2404 2124 2159 2267 2470 2209 2386 2394 2286 2035 2359 2117 2221 2217 2150 2096 2037 2174 2092 2072 2165 2082 2028 2323 2119 2201 2219 2318 2195 2156
 2364 2851 2588 2485 2515 2556 2969 2801 2534 2859 3007 2661 2741 2690 2585 2660 2665 2766 2556 2908 2377 2679 2203 3001 2969 2777 2972 2873 2682 2703 2699 2642 2782 2269 2857 2810 2935 2814 2322 2543 2644 2750 2821 3196 2570 2961 2542 2972 2632 2634 2275 2658 2574 2747 2728 2718 2543 2860 3013 2679 2699 2468 2959 2725 2654 2721 2955 2598 2541 2728 2673 2402 2660 2630 2879 2660 2941 2802 2604 2607 2509 2626 2475 2494 2476 2568 2630 2869 2559 2465 2699 2508 2563 2760 2614 2697 3125 2782 2854 2723
 2511 2627 2494 2660 2454 2572 2741 2692 2520 2595 2582 2271 2722 2634 2589 2413 2386 2745 2391 2821 2123 2575 2174 2791 2803 2602 2934 2642 2371 2538 2669 2552 2585 2120 2685 2499 2669 2685 2140 2292 2409 2300 2785 2905 2505 2902 2306 2686 2592 2499 2380 2344 2461 2540 2658 2444 2516 2729 2825 2431 2602 2296 2619 2671 2521 2711 2552 2518 2485 2640 2481 2314 2322 2383 2682 2735 2726 2804 2212 2556 2408 2454 2358 2526 2455 2367 2540 2425 2244 2349 2494 2585 2387 2589 2494 2501 2757 2419 2604 2623
 2541 2827 2488 2504 2550 2664 2553 2837 2373 2607 2607 2549 2740 2793 2556 2499 2877 2597 2354 2808 2158 2587 2380 2427 2959 2661 2862 2488 2680 2513 2514 2523 2556 2206 2617 2539 2565 2717 2362 2550 2435 2541 2688 2932 2388 2642 2361 2658 2644 2539 2445 2451 2672 2782 2807 2562 2603 2458 2744 2690 2782 2299 2447 2780 2661 2719 2770 2379 2481 2337 2474 2193 2609 2467 2707 2866 2954 2713 2339 2586 2584 2529 2167 2443 2592 2269 2521 2540 2665 2421 2555 2320 2288 2539 2659 2597 2582 2545 2662 2638
 2248 2337 2145 2076 2419 2308 2544 2412 2149 2281 2369 2158 2419 2302 2212 2233 2351 2451 2307 2320 2088 2336 2040 2624 2499 2289 2587 2279 2269 2308 2289 2167 2363 1972 2537 2507 2408 2559 2131 2232 2275 2170 2385 2479 2219 2523 2329 2431 2306 2294 2078 2201 2536 2249 2471 2290 2326 2394 2574 2283 2456 2100 2425 2356 2303 2295 2296 2209 2330 2264 2203 2012 2121 2123 2526 2333 2435 2522 1992 2176 2279 2236 2122 2153 2105 2165 2200 2195 2031 2199 2127 2163 2126 2289 2184 2331 2447 2363 2280 2431
 2439 2857 2709 2761 2482 2773 3020 2739 2798 2908 3020 2294 2964 2744 2678 2642 2670 2734 2510 3008 2255 2689 2316 2838 3138 2588 2954 2728 2638 2648 2596 2709 2831 2221 2888 2634 2906 2856 2397 2767 2661 2489 2958 3140 2516 2812 2528 3054 2807 2784 2445 2646 2797 2847 2939 2731 2478 2777 2989 2682 2854 2505 2822 2613 2616 2809 2791 2482 2668 2637 2693 2470 2825 2647 3083 2866 3039 2767 2594 2748 2824 2543 2559 2637 2600 2509 2496 2767 2687 2504 2595 2636 2561 2516 2612 2878 2833 2580 2634 2652
 2721 3023 2667 2639 2837 2697 2854 3089 2612 2745 2636 2335 2897 2744 2663 2519 2825 2843 2439 2989 2519 2772 2415 2825 3095 2572 2974 2752 2889 2614 2606 2574 2740 2318 2869 2759 2842 2844 2468 2630 2609 2502 2933 3263 2682 2893 2621 2859 2739 2758 2357 2586 2828 2821 2808 2798 2761 2859 2845 2727 2987 2580 2636 2787 2604 2895 2753 2396 2815 2507 2743 2436 2499 2737 3004 2929 2892 2925 2490 2626 2718 2544 2536 2503 2605 2495 2456 2663 2629 2516 2600 2768 2439 2534 2520 2726 2816 2593 2541 2809
 2139 2423 2354 2297 2024 2454 2491 2361 2458 2472 2529 2128 2583 2412 2293 2277 2455 2256 1931 2652 1863 2412 2214 2368 2586 2307 2458 2411 2326 2257 2165 2100 2397 2015 2542 2178 2292 2399 2255 2221 2264 2130 2549 2604 2128 2299 2215 2522 2216 2100 2062 2175 2345 2244 2460 2271 2347 2408 2691 2229 2290 2207 2265 2083 2199 2327 2572 2146 2475 2284 2137 2171 2418 2411 2639 2406 2534 2466 1967 2364 2243 2240 2164 2297 2243 2195 1806 2181 2116 2148 2225 2243 2097 2263 2156 2379 2389 2095 2211 2369
 2511 2855 2689 2742 2539 2606 2817 2737 2490 2710 2809 2341 2716 2597 2448 2420 2574 2599 2251 2709 2301 2597 2271 2536 3014 2623 2767 2690 2632 2408 2383 2492 2491 2145 2667 2506 2711 2663 2242 2435 2329 2306 2747 2822 2282 2799 2326 2626 2586 2518 2236 2557 2579 2645 2566 2437 2403 2623 2805 2523 2671 2308 2498 2417 2487 2772 2734 2544 2568 2249 2630 2427 2394 2611 2880 2641 2852 2743 2420 2546 2509 2469 2338 2659 2534 2213 2389 2572 2474 2335 2443 2426 2229 2668 2323 2534 2600 2415 2632 2571
 2821 2713 2719 2513 2560 2539 2856 2902 2565 2607 2937 2514 2873 3064 2668 2728 2548 2588 2170 2832 2394 2588 2247 2658 3116 2667 2886 2940 2704 2694 2678 2581 2679 2254 2838 2718 2955 2711 2445 2587 2559 2524 2857 3044 2427 2777 2586 2721 2681 2621 2607 2592 2716 2726 2770 2720 2434 2533 2942 2637 2578 2418 2652 2612 2626 2730 2793 2536 2546 2531 2595 2390 2484 2571 2844 2809 2835 2984 2472 2553 2466 2686 2442 2777 2615 2484 2436 2767 2360 2440 2590 2543 2315 2570 2552 2695 2832 2661 2708 2668
 2200 2467 2307 2168 2243 2295 2791 2480 2346 2331 2440 1995 2516 2206 2081 2395 2372 2183 2023 2542 2173 2259 2010 2363 2510 2466 2538 2491 2284 2234 2348 2328 2327 1873 2618 2303 2381 2254 2118 2050 2416 2400 2616 2715 2228 2575 2285 2281 2394 2302 2019 2416 2327 2288 2349 2299 2105 2337 2534 2294 2502 2184 2209 2119 2145 2432 2629 2111 2310 2262 2482 2081 2281 2330 2549 2534 2403 2445 2153 2380 2223 2370 1962 2292 2207 1935 1988 2275 2272 2135 2144 2317 2139 2271 1978 2406 2397 2322 2242 2259
 2852 3187 2791 2860 2825 2778 2995 2816 2813 2855 2889 2703 2966 2873 2689 2751 2934 2859 2496 2987 2456 2772 2544 2887 3124 2733 3068 2762 2912 2917 2907 2557 2758 2383 2934 2829 2744 3085 2447 2581 2766 2550 3031 3202 2691 3225 2575 3069 2908 2886 2408 2840 2852 2701 3046 2659 2734 2798 2947 2885 3041 2389 2618 2748 2757 2868 3020 2640 2656 2742 2936 2470 2772 2812 2939 3031 3087 2960 2521 2608 2784 2498 2684 2705 2602 2523 2513 2488 2681 2651 2687 2607 2502 2764 2678 2955 2790 2778 2865 2995
 2561 2804 2396 2401 2654 2493 2711 2600 2533 2750 2666 2530 2521 2704 2591 2295 2619 2614 2534 2715 2180 2602 2246 2531 3000 2458 2947 2616 2604 2443 2561 2564 2728 2182 2738 2700 2732 2915 2222 2561 2418 2441 2776 3115 2413 2735 2383 2942 2566 2569 2331 2482 2712 2625 2656 2431 2516 2433 2690 2584 2652 2297 2688 2465 2497 2684 2674 2390 2641 2488 2520 2270 2362 2585 2847 2674 2679 2800 2430 2423 2574 2233 2351 2477 2491 2407 2528 2614 2604 2194 2419 2293 2434 2623 2473 2599 2814 2789 2543 2689
 2553 2802 2737 2592 2387 2618 2948 2914 2673 2851 3087 2524 3003 2889 2675 2631 2789 2631 2327 3042 2465 2744 2235 2785 3142 2750 3017 2921 2726 2663 2560 2663 2828 2121 2784 2697 2851 2759 2555 2613 2696 2686 3077 3204 2582 2828 2511 2872 2734 2734 2407 2816 2873 2700 2849 2517 2414 2647 2856 2652 2830 2479 2832 2550 2696 2705 3062 2586 2737 2668 2677 2352 2828 2622 2963 2828 3076 2908 2522 2666 2651 2666 2611 2794 2609 2564 2674 2797 2748 2539 2797 2448 2595 2746 2586 2724 2971 2572 2791 2845
 2360 2497 2395 2278 2405 2396 2618 2545 2298 2202 2583 2239 2480 2629 2409 2314 2422 2570 2242 2616 2212 2477 2271 2488 2663 2487 2602 2553 2339 2252 2417 2400 2371 2038 2435 2310 2282 2610 2136 2272 2308 2209 2661 2673 2219 2654 2301 2613 2368 2282 2256 2532 2497 2447 2582 2280 2199 2409 2655 2304 2420 1977 2571 2316 2299 2442 2595 2438 2407 2392 2408 2118 2424 2364 2537 2406 2526 2581 2049 2272 2542 2538 2263 2440 2352 2110 2197 2211 2328 2296 2398 2223 2141 2363 2253 2569 2348 2460 2361 2400
 2437 2419 2287 2363 2406 2268 2575 2602 2128 2236 2480 2160 2434 2693 2398 2392 2347 2566 2286 2496 2264 2484 2041 2440 2588 2410 2689 2353 2521 2366 2332 2200 2557 1908 2543 2535 2558 2531 2292 2293 2226 2249 2557 2844 2304 2630 2248 2458 2302 2312 2255 2315 2541 2493 2585 2290 2297 2415 2538 2226 2329 2112 2518 2344 2406 2353 2603 2386 2472 2430 2247 1992 2296 2280 2604 2318 2339 2377 2260 2207 2346 2426 2233 2400 2060 2184 2559 2567 2112 2268 2285 2171 2245 2279 2358 2502 2345 2453 2308 2468
 2509 2619 2423 2555 2336 2428 2762 2512 2549 2609 2485 2246 2542 2629 2468 2341 2446 2488 2163 2843 2363 2364 2138 2457 2767 2560 2589 2482 2468 2440 2597 2355 2448 1926 2601 2575 2513 2579 2191 2290 2304 2197 2624 2915 2311 2754 2383 2573 2486 2400 2107 2245 2474 2421 2632 2343 2259 2354 2722 2503 2611 2250 2305 2354 2365 2565 2495 2360 2498 2248 2510 2235 2439 2403 2655 2623 2507 2381 2266 2486 2349 2242 2047 2493 2369 2091 2346 2503 2471 2399 2562 2452 2271 2672 2385 2563 2634 2333 2399 2528
 2488 2621 2556 2448 2342 2473 2544 2462 2365 2606 2534 2084 2744 2545 2566 2500 2456 2544 2219 2781 2256 2388 2171 2467 2898 2623 2689 2509 2612 2454 2530 2470 2545 1969 2492 2595 2671 2539 2257 2410 2462 2411 2691 2800 2390 2450 2235 2541 2557 2431 2251 2473 2481 2475 2631 2449 2472 2432 2656 2454 2466 2249 2533 2507 2448 2619 2582 2348 2210 2256 2415 2095 2494 2354 2583 2620 2777 2632 2264 2333 2426 2227 2230 2298 2433 2173 2363 2428 2424 2329 2243 2314 2253 2264 2467 2583 2806 2413 2481 2625
 2306 2634 2488 2464 2174 2276 2658 2457 2235 2546 2519 2230 2616 2435 2180 2365 2511 2538 2144 2825 2034 2380 2212 2352 2597 2444 2601 2455 2196 2394 2413 2232 2554 2204 2448 2523 2356 2498 2225 2513 2242 2304 2450 2773 2314 2386 1864 2493 2344 2337 2256 2316 2289 2303 2365 2195 2100 2480 2612 2361 2438 2183 2437 2257 2233 2588 2450 2227 2397 2129 2320 2307 2155 2299 2765 2485 2531 2388 2248 2413 2194 2407 1953 2339 2019 1961 2084 2322 2329 2039 2271 2422 2153 2246 2348 2285 2451 2467 2201 2207
 2532 2626 2585 2499 2479 2473 2746 2754 2458 2506 2547 2571 2516 2688 2488 2481 2564 2665 2328 2835 2289 2331 2260 2534 2807 2520 3051 2610 2558 2476 2585 2442 2538 2208 2451 2795 2540 2671 2195 2479 2412 2460 2736 2898 2256 3011 2280 2639 2628 2437 2181 2446 2686 2663 2762 2448 2171 2670 2726 2463 2665 2246 2525 2679 2401 2617 2611 2463 2550 2499 2545 2081 2516 2425 2786 2711 2626 2666 2589 2490 2482 2626 2515 2564 2444 2274 2821 2505 2308 2191 2565 2399 2391 2711 2563 2485 2579 2514 2473 2524
 2464 2590 2515 2458 2401 2460 2990 2759 2425 2649 2741 2418 2662 2691 2565 2511 2738 2475 2363 2861 2251 2478 2455 2481 2844 2584 2881 2521 2474 2427 2304 2512 2623 2257 2702 2648 2482 2560 2276 2584 2349 2560 2489 3023 2200 2790 2216 2710 2508 2586 2382 2341 2557 2634 2725 2564 2314 2522 2790 2574 2555 2224 2598 2462 2485 2634 2677 2484 2536 2430 2516 2174 2531 2490 2641 2653 2777 2821 2508 2470 2437 2565 2297 2378 2584 2322 2408 2369 2280 2320 2508 2612 2374 2330 2612 2539 2647 2750 2577 2526
 2731 2877 2658 2693 2666 2737 3001 2990 2657 2713 2891 2346 3039 2803 2980 2673 2815 2579 2376 2907 2630 2678 2366 2801 2965 2623 3017 2703 2696 2831 2587 2516 2786 2310 2850 2732 2710 2927 2340 2756 2528 2514 2878 3367 2571 2968 2584 2950 2739 2729 2508 2705 2952 2684 2697 2741 2686 2824 2939 2819 2855 2527 2674 2641 2688 3040 2848 2512 2889 2698 2821 2464 2703 2676 2963 2719 2862 2887 2522 2650 2877 2513 2577 2728 2559 2519 2534 2787 2559 2247 2607 2732 2678 2633 2462 2755 2783 2610 2675 2893
 2676 2906 2536 2380 2406 2716 2879 2957 2576 2913 2650 2643 2872 2877 2653 2657 2819 2578 2402 3064 2408 2747 2515 2747 3001 2592 2872 2621 2823 2788 2525 2528 2816 2190 2813 2872 2655 2763 2452 2588 2490 2385 2809 3246 2484 2886 2580 2937 2862 2634 2319 2557 2798 2902 2839 2595 2705 2865 2849 2664 2838 2553 2538 2534 2615 2738 2777 2514 2618 2504 2577 2370 2673 2577 3055 2966 2940 2799 2405 2702 2634 2526 2407 2466 2516 2414 2414 2541 2519 2389 2650 2661 2539 2734 2554 2774 2878 2607 2630 2889
 2403 2882 2516 2554 2573 2700 2678 2771 2558 2680 2796 2430 2593 2702 2570 2483 2791 2803 2458 3014 2297 2681 2332 2657 3012 2628 2827 2763 2787 2604 2664 2560 2844 2277 2679 2734 2579 2940 2378 2565 2447 2434 2825 3177 2394 2794 2414 2879 2606 2639 2264 2426 2695 2499 2779 2499 2539 2713 2699 2694 2609 2301 2802 2524 2438 2680 2648 2481 2750 2509 2580 2452 2684 2576 2835 2753 2920 2623 2332 2574 2555 2586 2424 2729 2553 2467 2412 2699 2607 2541 2696 2550 2289 2588 2579 2543 2790 2421 2690 2592
 2325 2573 2306 2187 2172 2446 2586 2562 2328 2605 2648 2194 2402 2534 2287 2380 2605 2179 2140 2651 1990 2365 2385 2516 2469 2383 2428 2416 2378 2444 2211 2160 2081 2031 2566 2464 2353 2388 2128 2352 2228 2217 2545 2748 2152 2725 2159 2514 2230 2286 2184 2253 2495 2358 2726 2253 2448 2507 2465 2451 2468 2015 2484 2320 2238 2353 2456 2274 2454 2345 2417 2149 2362 2524 2483 2369 2594 2422 2066 2205 2247 2293 2101 2231 2265 2195 2215 2300 2112 2244 2403 2277 2341 2458 2036 2457 2291 2266 2236 2295
 2503 2780 2448 2658 2556 2806 2829 2848 2703 2636 2918 2552 2915 2710 2610 2663 2867 2557 2487 2772 2493 2613 2222 2877 2852 2726 2972 2497 2719 2761 2783 2749 2836 2213 2921 2665 2817 2915 2335 2522 2831 2521 2751 3107 2704 2849 2617 2866 2584 2613 2231 2575 2695 2665 2738 2628 2604 2764 2829 2632 2917 2452 2656 2456 2670 2736 2816 2412 2577 2621 2672 2492 2626 2713 2840 2851 3094 2752 2551 2600 2666 2533 2561 2715 2464 2545 2570 2635 2648 2692 2555 2401 2567 2638 2596 2744 2649 2569 2809 2776
 2315 2723 2650 2307 2438 2495 2797 2694 2389 2494 2494 2517 2732 2594 2485 2489 2529 2581 2391 2716 2396 2374 2353 2600 2862 2728 2787 2647 2456 2452 2462 2444 2595 2215 2536 2769 2514 2624 2324 2212 2470 2297 2769 2734 2413 2762 2287 2623 2555 2247 2148 2522 2411 2481 2640 2455 2397 2612 2725 2484 2596 2170 2380 2593 2431 2656 2734 2586 2414 2547 2479 2318 2573 2485 2787 2629 2745 2614 2206 2575 2652 2419 2328 2489 2328 2103 2411 2414 2366 2224 2618 2267 2163 2642 2586 2539 2665 2511 2629 2550
 2819 2880 2867 3044 2560 2628 3000 3005 3167 3030 3031 2729 3028 2956 2941 2639 3124 2910 2569 3276 2530 2722 2587 2784 3270 2860 3242 2949 2866 2817 2932 2743 3033 2414 3219 2929 3145 3155 2380 2989 2698 2721 3072 3393 2765 2880 2723 3023 2825 2840 2623 2665 2978 3136 3180 2840 2774 3145 3077 2974 3102 2675 2899 2851 2768 3099 3195 2685 3043 2723 2922 2555 2709 2807 3125 2956 3142 3030 2709 2872 2849 2746 2526 2691 2834 2605 2415 2876 2989 2663 2756 2761 2663 2911 2573 2962 3073 2786 2843 2842
 2407 2351 2428 2175 1976 2324 2636 2684 2591 2461 2666 2342 2535 2677 2449 2286 2505 2402 2358 2617 2059 2415 2230 2329 2628 2492 2556 2476 2545 2459 2312 2517 2401 2054 2601 2457 2479 2747 2094 2357 2260 2209 2571 2963 2432 2446 2373 2558 2450 2386 2315 2305 2356 2548 2603 2496 2405 2519 2580 2185 2512 2340 2405 2434 2417 2432 2533 2049 2447 2609 2510 2127 2325 2420 2493 2549 2584 2575 2187 2430 2371 2378 2375 2304 2394 2463 2338 2324 2351 2207 2408 2156 2232 2347 2525 2526 2630 2453 2438 2577
 2463 2648 2420 2387 2473 2463 2577 2721 2330 2490 2735 2226 2689 2678 2487 2537 2470 2565 2294 2814 2058 2420 2260 2465 2688 2382 2787 2345 2578 2491 2530 2330 2478 2036 2733 2442 2465 2613 2117 2471 2516 2342 2418 2795 2479 2581 2327 2748 2652 2324 2436 2579 2517 2510 2457 2447 2336 2572 2960 2330 2591 2423 2316 2490 2548 2651 2659 2337 2385 2530 2527 2174 2527 2401 2592 2605 2782 2678 2503 2453 2544 2311 2445 2311 2355 2276 2353 2371 2465 2231 2335 2415 2382 2455 2528 2573 2452 2433 2468 2554
 2271 2338 2270 2269 2264 2157 2531 2371 2220 2353 1983 2055 2445 2202 2272 2203 2260 2277 2036 2319 2139 2227 1992 2332 2362 2084 2646 2311 2389 2201 2195 1944 2394 1899 2395 2368 2206 2382 2012 2242 2143 1966 2478 2589 2169 2375 2095 2295 2387 2151 1962 2211 2334 2151 2387 2195 2293 2241 2361 2197 2371 2189 2207 2205 2214 2226 2228 2080 2415 2310 2201 2114 1982 2187 2622 2243 2442 2371 1916 2313 2253 2038 2087 2269 2053 1895 2088 2321 2184 1871 2123 2189 2242 2285 2075 2396 2333 2099 2129 2484
 2609 2748 2650 2768 2374 2599 2657 2635 2702 2675 2899 2423 2762 2648 2574 2319 2567 2518 2447 2783 2229 2452 2352 2718 2985 2515 2832 2847 2701 2577 2614 2487 2549 2182 2765 2718 2803 2835 2415 2386 2514 2220 2678 3074 2456 2743 2462 2716 2459 2281 2469 2396 2622 2656 2684 2579 2780 2578 2820 2592 2668 2382 2630 2527 2578 2626 2673 2382 2612 2489 2474 2367 2472 2476 2926 2698 2866 2788 2276 2548 2393 2438 2351 2712 2572 2305 2480 2630 2536 2337 2526 2350 2341 2546 2413 2573 2569 2412 2584 2554
 2553 2581 2482 2516 2297 2410 2602 2744 2537 2628 2474 2419 2641 2731 2636 2406 2630 2471 2460 2738 2334 2505 2244 2577 2554 2377 2691 2547 2635 2440 2510 2337 2487 2060 2640 2519 2539 2707 2127 2538 2381 2136 2525 2787 2402 2563 2454 2586 2537 2512 2272 2352 2539 2598 2613 2347 2501 2648 2734 2456 2574 2278 2379 2388 2502 2582 2535 2379 2462 2366 2502 2136 2379 2390 2581 2438 2733 2465 2354 2531 2477 2550 2263 2357 2397 2314 2452 2572 2432 2456 2261 2355 2267 2522 2491 2689 2578 2362 2579 2615
 2605 2668 2353 2257 1957 2269 2588 2535 2449 2493 2474 2191 2580 2712 2345 2159 2544 2441 2192 2860 2209 2233 2333 2243 2643 2295 2525 2389 2429 2293 2228 2273 2628 2096 2526 2611 2397 2717 2049 2589 2272 2214 2545 2781 2337 2563 2155 2626 2377 2290 2006 2215 2459 2631 2559 2133 2121 2543 2512 2270 2269 2263 2501 2132 2255 2570 2402 2460 2534 2301 2345 2128 2297 2463 2565 2497 2650 2396 2137 2391 2245 2320 2169 2424 2294 2309 2191 2292 2375 2327 2312 2352 2207 2413 2467 2428 2539 2439 2219 2482
 2267 2388 2348 2349 2185 2281 2386 2505 2092 2231 2365 2020 2321 2633 2418 2120 2291 2381 2091 2593 2136 2284 2197 2298 2560 2339 2553 2298 2331 2223 2233 2137 2471 2160 2309 2380 2301 2489 2236 2218 2269 1990 2585 2730 2472 2431 1988 2525 1983 2288 2239 2182 2420 2213 2408 2382 2384 2315 2391 2308 2262 2024 2361 2270 2317 2282 2409 2332 2246 2390 2080 1937 2231 2219 2488 2440 2499 2367 1919 2218 2293 2275 1896 2298 2066 2095 2141 2444 2179 2232 2349 2269 1951 2296 2175 2206 2469 2141 2302 2376
 2612 2833 2626 2562 2511 2496 3008 2702 2536 2796 2712 2590 2791 2555 2461 2477 2595 2609 2516 2853 2227 2640 2268 2627 2923 2562 2753 2627 2678 2414 2631 2305 2521 2045 2655 2633 2603 2872 2447 2484 2583 2414 2785 3066 2471 2631 2366 2565 2580 2489 2227 2393 2877 2581 2698 2344 2503 2621 2816 2428 2648 2384 2734 2435 2609 2664 2616 2410 2642 2502 2692 2350 2470 2418 2773 2687 2815 2638 2319 2590 2373 2702 2335 2403 2411 2457 2375 2414 2402 2436 2475 2524 2413 2573 2534 2605 2727 2663 2554 2763
 2384 2781 2689 2758 2573 2629 3011 2631 2589 2679 2807 2395 2806 2579 2754 2482 2935 2662 2312 2860 2495 2570 2410 2774 2951 2717 2952 2628 2748 2680 2583 2431 2772 2190 2881 2755 2684 2629 2470 2506 2609 2519 2904 3116 2363 2809 2614 2788 2510 2400 2278 2603 2741 2801 2774 2624 2674 2790 2858 2510 2702 2494 2837 2621 2506 2857 2834 2675 2652 2546 2628 2401 2447 2603 3007 2493 2916 2923 2436 2654 2542 2540 2313 2679 2545 2402 2560 2657 2543 2545 2541 2644 2688 2711 2419 2839 2831 2630 2768 2667
 3017 2849 2877 2901 2640 2788 2867 3052 2794 2730 3004 2470 2908 3090 2930 2892 2776 3011 2356 3048 2444 2722 2440 2932 3238 2894 3082 2953 2903 2880 2853 2937 2918 2411 3082 2953 3220 2936 2616 2875 2690 2822 3060 3336 2806 2983 2721 2957 2701 2891 2746 2829 2796 3127 2957 3165 2537 2753 3058 2801 2933 2468 2983 2931 2900 2831 3154 2771 2818 2758 2733 2525 2717 2863 3130 2952 3134 3025 2724 2786 2761 2747 2591 2798 2919 2622 2688 3014 2699 2687 2725 2623 2587 2697 2600 2760 2883 2753 2938 2995
 2352 2530 2593 2490 2347 2303 2892 2852 2675 2673 2699 2464 2710 2468 2463 2676 2703 2600 2202 2894 2356 2559 2394 2429 2776 2639 2832 2544 2607 2440 2536 2401 2618 2222 2687 2649 2657 2768 2258 2389 2362 2400 2654 3041 2394 2628 2279 2595 2758 2554 2334 2422 2630 2532 2683 2515 2246 2646 2735 2463 2602 2376 2351 2519 2474 2776 2722 2461 2543 2492 2669 2157 2487 2383 2889 2658 2784 2705 2470 2481 2539 2428 2422 2490 2228 2278 2327 2551 2424 2343 2526 2391 2261 2513 2256 2581 2660 2617 2535 2391
 2718 2937 2601 2731 2624 2468 2900 3110 2686 2908 2872 2446 2806 2948 2682 2760 2732 2826 2526 2989 2696 2667 2589 2922 2988 2713 3169 2804 2846 2639 2647 2647 2818 2326 2954 2693 2709 3019 2530 2647 2484 2384 2983 3282 2484 2825 2628 2844 2832 2768 2532 2702 2958 2750 2783 2798 2464 2746 2880 2732 3009 2446 2773 2784 2643 2881 2791 2568 2759 2656 2503 2404 2489 2667 3065 2781 2794 2762 2470 2723 2668 2650 2541 2511 2495 2595 2636 2702 2782 2671 2660 2723 2560 2786 2704 2750 2789 2711 2706 2887
 2217 2403 2326 2387 2112 2096 2439 2426 2274 2469 2276 2131 2312 2283 2299 2264 2440 2323 2008 2487 2147 2370 2235 2379 2398 2268 2508 2387 2524 2269 2143 2135 2333 1908 2477 2335 2333 2502 2172 2266 2326 2144 2369 2680 2146 2337 2047 2440 2122 2156 2176 2191 2355 2233 2464 2173 2321 2463 2468 2106 2410 2216 2453 2049 2074 2300 2483 2240 2362 2202 2342 2109 2228 2319 2382 2207 2460 2342 2158 2266 2290 2162 1997 2375 2167 1996 1888 2346 2398 2130 2219 2130 2104 2391 2000 2443 2600 2395 2334 2459
 2223 2355 2234 2236 2298 2003 2462 2511 2275 2179 2342 2233 2258 2341 2248 2184 2293 2455 2031 2456 2119 2195 1974 2390 2557 2335 2588 2294 2300 2280 2361 2301 2297 1837 2411 2493 2420 2470 2125 2138 2341 2163 2488 2797 2317 2380 1984 2369 2231 2239 2199 2281 2211 2320 2250 2349 2179 2348 2510 2348 2276 2078 2177 2251 2223 2334 2563 2143 2132 2319 2340 2042 2206 2238 2523 2438 2285 2328 2086 2256 2213 2138 2176 2286 2047 2057 2265 2485 2207 2021 2367 1938 2191 2269 2077 2196 2232 2312 2257 2364
 2409 2424 2216 2201 2205 2136 2391 2443 2268 2329 2502 1897 2276 2340 2341 2080 2224 2406 2012 2636 1944 2331 2152 2385 2500 2293 2267 2243 2339 2230 2129 2238 2098 1725 2338 2425 2310 2454 2034 2102 2100 1905 2504 2813 2133 2472 2155 2448 2338 2236 2119 2277 2403 2333 2378 2309 2376 2381 2532 2122 2357 2149 2334 2116 2128 2343 2393 2179 2327 2369 2311 2060 2259 2401 2486 2341 2180 2396 1947 1917 2098 2140 2176 2215 2056 2191 2133 2184 1980 2080 2176 2225 2106 2263 2010 2427 2385 2198 2147 2178
 2278 2550 2193 2189 2155 2396 2471 2462 2127 2336 2448 2157 2566 2411 2314 2257 2492 2322 2097 2529 2053 2188 2012 2362 2573 2420 2594 2458 2544 2481 2352 2182 2383 2022 2378 2349 2567 2561 2124 2415 2254 2315 2471 2699 2520 2490 2143 2473 2308 2391 2067 2464 2311 2465 2594 2337 2245 2390 2528 2347 2454 2373 2481 2428 2441 2249 2455 2182 2430 2172 2414 2059 2356 2352 2493 2512 2676 2224 2185 2329 2318 2293 2088 2247 2073 2093 2128 2408 2470 2226 2333 2103 2016 2376 2216 2335 2567 2229 2280 2399
 2376 2729 2605 2485 2393 2387 2621 2726 2252 2573 2521 2389 2522 2643 2490 2414 2570 2710 2351 2814 2258 2567 2246 2547 2861 2643 2800 2735 2655 2465 2495 2382 2531 2236 2560 2481 2600 2822 2269 2371 2539 2353 2617 2956 2610 2634 2183 2552 2277 2555 2384 2402 2522 2511 2637 2459 2385 2429 2594 2578 2328 2119 2623 2548 2599 2360 2591 2541 2437 2469 2406 2343 2439 2482 2607 2709 2878 2435 2301 2431 2483 2639 2293 2437 2469 2169 2334 2580 2460 2238 2643 2262 2158 2601 2465 2351 2721 2412 2591 2613
 2644 2763 2564 2611 2602 2693 2888 2935 2614 2763 2693 2520 2549 2740 2679 2598 2739 2557 2432 2930 2396 2686 2410 2726 3019 2615 2886 2656 2780 2586 2674 2704 2581 2185 2737 2763 2652 2789 2474 2516 2561 2456 2860 3182 2547 2898 2464 2803 2550 2646 2348 2278 2820 2747 2726 2705 2635 2554 2808 2703 2671 2432 2556 2648 2650 2718 2842 2605 2720 2669 2638 2254 2619 2618 2696 2897 2887 2778 2456 2733 2465 2572 2345 2593 2626 2462 2580 2627 2504 2496 2586 2653 2451 2544 2582 2550 2789 2609 2873 2822
 2132 2244 2246 2247 2188 2239 2615 2422 2222 2357 2277 2220 2433 2446 2128 2370 2456 2413 2108 2502 2043 2384 2143 2314 2674 2431 2564 2443 2420 2194 2269 2150 2415 1973 2616 2355 2487 2402 2100 2291 2246 2324 2582 2754 2013 2167 2143 2343 2130 2365 2202 2058 2454 2333 2545 2335 2096 2368 2432 2334 2199 2085 2411 2078 2270 2212 2534 2141 2349 2266 2166 2167 2185 2212 2674 2327 2327 2539 2144 2409 2212 2360 2055 2221 2198 2285 2064 2178 1966 2221 2185 2256 2122 2136 2081 2235 2476 2495 2455 2451
 2693 2611 2504 2632 2274 2500 2548 2622 2452 2510 2496 2129 2688 2615 2499 2256 2887 2681 2476 2827 2211 2348 2302 2528 2612 2462 2733 2570 2459 2375 2351 2326 2626 2043 2798 2408 2577 2712 1969 2580 2223 2238 2694 2706 2338 2608 2397 2429 2341 2538 2386 2329 2515 2646 2597 2350 2308 2613 2853 2417 2636 2191 2472 2282 2393 2635 2650 2396 2656 2397 2397 2275 2296 2462 2897 2502 2575 2786 2413 2313 2512 2553 2155 2385 2346 2167 2372 2367 2374 2221 2070 2394 2229 2602 2234 2644 2484 2442 2298 2338
 2537 2804 2260 2271 2444 2207 2504 2472 2267 2600 2385 2171 2634 2539 2291 2208 2414 2592 2097 2596 2097 2279 2151 2432 2892 2460 2488 2510 2483 2589 2449 2128 2477 2080 2654 2485 2701 2443 2194 2179 2262 2225 2638 3059 2287 2559 2217 2663 2392 2333 2086 2468 2566 2464 2520 2342 2581 2340 2446 2502 2468 2202 2332 2508 2397 2319 2578 2279 2569 2300 2206 2229 2412 2432 2663 2495 2705 2495 2237 2096 2360 2205 2148 2429 2393 2147 2183 2505 2289 2225 2313 2286 2070 2371 2156 2376 2719 2490 2451 2451
 2411 2603 2555 2587 2437 2561 2854 2622 2548 2687 2725 2352 2769 2469 2491 2643 2625 2404 2262 2786 2441 2399 2279 2676 2907 2611 2888 2677 2605 2579 2559 2243 2454 2115 2676 2632 2627 2612 2254 2445 2631 2336 2863 3052 2207 2855 2221 2654 2448 2396 2201 2460 2793 2532 2837 2713 2496 2719 2483 2562 2710 2247 2551 2505 2339 2653 2589 2424 2650 2635 2560 2362 2478 2435 2846 2569 2620 2680 2375 2459 2492 2481 2316 2723 2363 2313 2458 2550 2284 2333 2478 2525 2409 2722 2171 2560 2673 2602 2462 2339
 2336 2433 2254 2265 2403 2433 2460 2545 2309 2569 2557 2253 2776 2452 2341 2356 2472 2297 2178 2469 1990 2207 2127 2345 2725 2467 2481 2217 2460 2497 2496 2177 2319 1984 2448 2376 2301 2433 2184 2211 2463 2192 2429 2547 2135 2425 2158 2430 2530 2231 2167 2378 2601 2306 2356 2332 2383 2243 2672 2245 2291 2201 2161 2334 2382 2343 2539 2205 2238 2324 2186 2053 2411 2180 2586 2479 2578 2555 2218 2184 2321 2257 2107 2233 2249 2142 2189 2237 2293 2032 2250 2175 2195 2367 2442 2500 2473 2293 2380 2457
 2491 2717 2659 2518 2531 2463 2751 2944 2549 2637 2636 2564 2810 2557 2538 2504 2824 2780 2389 2650 2402 2671 2242 2808 2901 2712 2843 2756 2608 2565 2526 2465 2932 2273 2789 2634 2771 3039 2245 2538 2619 2567 2740 2942 2594 2937 2508 2655 2493 2695 2427 2594 2605 2706 2870 2588 2332 2827 2954 2425 2714 2254 2723 2637 2448 2717 2819 2539 2705 2589 2762 2184 2617 2549 2906 2575 2963 2770 2323 2612 2702 2648 2502 2703 2368 2380 2388 2732 2588 2568 2556 2458 2261 2722 2419 2646 2852 2558 2742 2724
 2493 2761 2660 2812 2656 2645 2727 2689 2574 2766 2634 2262 2732 2679 2754 2368 2848 2794 2268 2869 2409 2677 2181 2555 2891 2553 2882 2623 2626 2483 2453 2633 2760 2228 2685 2705 2619 2726 2249 2559 2466 2260 2788 3019 2361 2670 2432 2755 2542 2673 2256 2400 2583 2708 2616 2470 2531 2899 2773 2545 2801 2427 2703 2428 2611 2747 2680 2540 2656 2457 2592 2396 2326 2756 2877 2620 2919 2775 2553 2509 2435 2467 2313 2593 2510 2574 2508 2631 2464 2580 2455 2570 2376 2581 2496 2557 2721 2607 2819 2725
 2585 2803 2490 2409 2482 2604 2969 2727 2590 2605 2630 2417 2770 2820 2523 2609 2715 2731 2439 2919 2624 2579 2291 2824 2840 2809 2955 2937 2798 2768 2778 2440 2695 2189 2938 2770 2645 2728 2304 2417 2618 2441 2918 3055 2559 2920 2517 2869 2645 2585 2342 2706 2599 2640 2769 2507 2535 2757 2752 2726 2718 2481 2739 2538 2628 2695 2621 2599 2636 2800 2747 2594 2444 2763 2693 2802 2889 2822 2384 2835 2346 2509 2409 2712 2554 2390 2498 2545 2636 2593 2724 2587 2480 2849 2524 2724 2801 2517 2686 2703
 2419 2858 2617 2647 2596 2552 2711 2656 2533 2841 2795 2390 2835 2966 2662 2606 2912 2714 2426 2956 2416 2561 2358 2655 2996 2687 3145 2650 2832 2621 2494 2452 2908 2352 2677 2669 2701 2793 2510 2618 2519 2497 2977 3139 2566 2856 2355 2818 2665 2807 2318 2694 2833 2672 2797 2615 2548 2845 2915 2788 2752 2411 2769 2568 2617 2727 2881 2507 2569 2608 2575 2368 2562 2544 2939 2690 2757 2711 2365 2641 2606 2581 2362 2493 2480 2679 2511 2663 2605 2521 2611 2546 2461 2659 2659 2673 2861 2609 2738 2798
 2325 2670 2353 2303 2569 2523 2663 2691 2179 2445 2405 2300 2696 2571 2458 2446 2799 2542 2271 2853 2198 2528 2314 2693 2788 2557 2801 2485 2543 2351 2523 2267 2580 2131 2668 2620 2508 2566 2235 2471 2507 2417 2666 2849 2324 2603 2248 2647 2253 2506 2269 2403 2409 2381 2575 2490 2192 2402 2540 2650 2519 2176 2432 2377 2510 2572 2570 2592 2604 2471 2407 2368 2337 2422 2708 2695 2864 2692 2268 2578 2514 2497 2081 2441 2334 2220 2195 2409 2125 2374 2397 2497 2253 2407 2288 2420 2550 2547 2625 2544
 2458 2682 2483 2311 2348 2435 2763 2466 2528 2662 2592 2237 2491 2453 2497 2337 2360 2501 2166 2794 2144 2346 2159 2346 2833 2320 2736 2354 2356 2291 2441 2370 2642 1955 2488 2574 2459 2616 2136 2522 2395 2309 2736 2843 2329 2533 2272 2724 2641 2463 2225 2438 2660 2561 2635 2488 2279 2353 2609 2488 2454 2246 2350 2339 2395 2610 2537 2444 2464 2524 2378 1983 2560 2284 2727 2548 2582 2616 2187 2418 2577 2057 2238 2353 2272 2157 2247 2473 2447 2008 2364 2272 2302 2510 2225 2594 2640 2396 2438 2583
 2275 2397 2208 2213 2125 2340 2346 2586 2291 2117 2300 2248 2624 2330 2377 2313 2429 2294 2110 2491 2081 2186 2118 2478 2587 2350 2465 2355 2420 2295 2277 2019 2209 1852 2469 2126 2246 2561 2062 2238 2217 1976 2431 2587 2227 2328 2201 2475 2359 2091 2140 2268 2329 2547 2464 2417 2338 2370 2293 2316 2233 2042 2269 2455 2239 2412 2416 2066 2292 2459 2352 2162 2134 2173 2582 2367 2545 2338 1998 2282 2244 2266 2161 2350 2216 2026 2183 2155 2222 2195 2228 2238 2194 2426 2178 2251 2376 2098 2427 2324
 2706 3116 2700 2825 2831 2686 3104 3024 2701 2977 3045 2655 2916 2725 2722 2798 2832 2905 2490 3051 2592 2916 2578 2868 3114 2800 3051 2596 2898 2783 2734 2658 2857 2243 2824 2935 2771 2992 2334 2819 2600 2721 2953 3356 2579 3046 2413 2961 2872 2695 2472 2734 2859 2930 2766 2711 2624 2886 3106 2760 3089 2608 2879 2846 2647 2906 2908 2808 2909 2600 2934 2547 2623 2802 3014 2923 2955 2914 2749 2704 2730 2748 2391 2724 2547 2683 2713 2863 2666 2634 2787 2702 2701 2880 2633 2862 2980 2883 2710 2710
 2616 2842 2730 2416 2480 2553 2960 2863 2570 2720 2784 2653 2905 2757 2716 2748 2720 2663 2304 2943 2427 2802 2572 2611 2947 2780 2881 2644 2765 2481 2581 2498 2868 2388 2669 2885 2752 2887 2460 2552 2555 2546 2850 3049 2603 2909 2376 2720 2610 2617 2438 2662 2741 2702 2812 2600 2428 2676 2989 2493 2761 2473 2604 2768 2569 2640 2797 2650 2621 2423 2750 2222 2653 2534 2982 2868 2845 2835 2499 2590 2666 2559 2411 2612 2552 2405 2500 2506 2430 2498 2675 2495 2334 2867 2693 2646 2988 2797 2571 2627
 2660 2771 2567 2388 2378 2455 2893 2716 2487 2661 2824 2528 2723 2598 2540 2402 2818 2446 2220 2720 2203 2614 2226 2516 2981 2623 2754 2474 2470 2458 2355 2363 2661 2189 2697 2679 2582 2695 2225 2577 2209 2455 2666 3079 2293 2790 2225 2761 2470 2511 2309 2456 2817 2633 2658 2434 2467 2448 2617 2622 2726 2163 2637 2423 2671 2583 2679 2552 2736 2407 2628 2251 2378 2537 2705 2634 2868 2926 2385 2358 2387 2584 2209 2427 2411 2344 2280 2552 2334 2337 2639 2430 2329 2600 2311 2472 2667 2635 2418 2498
 2404 2707 2259 2450 2451 2586 2543 2578 2449 2662 2656 2365 2565 2601 2532 2311 2464 2267 2167 2721 2049 2583 2194 2573 2842 2547 2778 2495 2455 2285 2560 2404 2362 2041 2575 2242 2605 2647 2164 2329 2486 2154 2773 2933 2554 2617 2257 2775 2451 2402 2169 2454 2567 2345 2642 2377 2506 2391 2635 2516 2555 2161 2404 2414 2529 2368 2519 2320 2625 2346 2398 2113 2377 2547 2498 2625 2689 2515 2201 2248 2400 2308 2321 2401 2370 2359 2331 2320 2381 2516 2353 2304 2266 2400 2444 2471 2710 2497 2553 2570
 2328 2488 2632 2519 2277 2387 2829 2633 2380 2557 2705 2412 2555 2566 2606 2582 2548 2547 2190 2758 2191 2432 2125 2415 2793 2480 2621 2444 2631 2653 2401 2173 2522 2044 2672 2630 2340 2582 2270 2309 2290 2285 2506 2787 2262 2705 2473 2472 2374 2420 2281 2202 2517 2637 2508 2619 2228 2590 2887 2331 2528 2115 2484 2557 2471 2559 2650 2288 2304 2400 2526 2138 2515 2310 2697 2496 2766 2730 2468 2486 2454 2435 2214 2462 2466 2177 2301 2231 2308 2312 2280 2429 2160 2442 2451 2367 2631 2533 2413 2394
 2377 2411 2446 2415 2265 2551 2493 2682 2363 2522 2426 2217 2600 2665 2427 2409 2530 2280 2133 2600 2299 2332 2236 2340 2700 2451 2750 2495 2384 2340 2288 2164 2457 2006 2564 2486 2393 2476 2283 2330 2307 2188 2600 2619 2259 2469 2297 2615 2463 2175 2188 2189 2548 2445 2516 2276 2318 2437 2325 2539 2533 2175 2247 2375 2451 2606 2557 2341 2567 2434 2384 2172 2239 2309 2540 2499 2721 2669 2305 2380 2340 2337 2068 2456 2338 2180 2260 2333 2279 2225 2227 2146 2293 2434 2151 2372 2384 2323 2465 2378
 2732 2901 2781 2553 2499 2462 2851 2907 2576 2783 2829 2530 3049 2743 2800 2569 2857 2879 2348 2847 2506 2590 2552 2715 2852 2783 2928 2787 2520 2808 2657 2462 2641 2310 2689 2838 2420 2726 2334 2593 2531 2428 2745 2848 2312 2832 2282 2748 2818 2501 2535 2670 2825 2662 2708 2528 2519 2518 2822 2687 2795 2462 2596 2841 2708 2840 2712 2508 2700 2657 2465 2506 2478 2444 2940 2496 3023 2856 2490 2659 2694 2480 2401 2608 2562 2312 2610 2468 2576 2393 2587 2592 2420 2770 2680 2865 2823 2660 2739 2630
 2374 2408 2528 2464 2401 2355 2851 2563 2611 2767 2684 2395 2569 2497 2517 2447 2701 2394 2160 2730 2265 2286 2221 2606 2644 2414 2856 2600 2446 2492 2243 2367 2563 2061 2640 2354 2401 2414 2329 2573 2305 2236 2636 2933 2130 2579 2016 2629 2487 2588 2184 2413 2582 2389 2635 2472 2275 2424 2509 2669 2700 2168 2647 2436 2334 2661 2575 2323 2607 2394 2445 2171 2360 2400 2685 2369 2557 2636 2315 2413 2545 2411 2139 2142 2251 2349 2146 2301 2403 2129 2371 2398 2475 2548 2226 2459 2645 2606 2479 2439
 2444 2985 2708 2499 2537 2529 2961 2693 2627 2815 2908 2502 2781 2918 2686 2432 2512 2609 2501 2831 2247 2673 2206 2581 3018 2764 2688 2890 2656 2642 2685 2631 2605 2200 2763 2757 2827 2656 2432 2390 2248 2338 3092 3087 2576 2956 2395 2793 2682 2335 2401 2615 2738 2671 2680 2383 2579 2776 2824 2529 2541 2418 2848 2506 2601 2578 2887 2469 2647 2386 2668 2291 2429 2531 2955 2471 2556 2615 2496 2635 2563 2560 2353 2535 2479 2421 2655 2614 2396 2531 2657 2408 2275 2635 2597 2588 2900 2589 2503 2613
 2647 2983 2546 2498 2520 2522 2750 2783 2383 2642 2696 2424 2809 2782 2626 2462 2815 2467 2450 2723 2434 2310 2506 2759 2934 2749 2984 2698 2650 2712 2513 2382 2757 2352 2761 2844 2801 2781 2368 2447 2580 2521 2847 2975 2598 2891 2407 2770 2406 2474 2439 2665 2592 2488 2698 2525 2596 2754 2720 2607 2737 2254 2708 2685 2521 2589 2851 2571 2638 2621 2610 2403 2483 2484 2685 2622 2893 2811 2390 2490 2594 2583 2276 2585 2336 2419 2460 2661 2620 2364 2445 2390 2260 2604 2555 2544 2895 2694 2699 2766
 2566 2817 2639 2657 2645 2634 3059 2811 2791 2893 3036 2571 2858 2549 2646 2721 2931 2681 2277 3072 2282 2862 2465 2754 3074 2716 3111 2815 2770 2535 2620 2625 2779 2223 2808 2564 2642 2792 2472 2558 2567 2551 2993 3145 2472 2943 2427 2747 2819 2754 2494 2758 2857 2731 3022 2729 2576 2687 2994 2658 2763 2449 2541 2628 2566 2627 2992 2615 2787 2759 2633 2359 2778 2652 2895 2881 3038 2863 2258 2712 2625 2593 2595 2750 2643 2251 2418 2586 2724 2518 2703 2711 2386 2789 2543 2783 2802 2673 2717 2877
 2736 2844 2628 2714 2678 2616 3081 3031 2644 2846 2869 2669 2935 2832 2739 2792 2903 2776 2319 3020 2585 2715 2463 2749 3064 2803 3080 2828 2834 2719 2874 2702 2805 2220 2891 2878 2859 2969 2595 2528 2643 2533 2928 3229 2405 3058 2556 2834 2846 2583 2405 2743 2891 2618 2877 2682 2413 2672 2945 2631 2775 2404 2582 2818 2671 3053 2885 2790 2806 2672 2678 2360 2737 2645 2956 3048 3043 3042 2646 2816 2595 2668 2624 2731 2643 2458 2791 2657 2558 2594 2741 2610 2501 2654 2806 2809 2872 2791 2844 2932
 2479 2649 2428 2480 2290 2251 2773 2533 2520 2355 2645 2513 2667 2540 2513 2437 2660 2467 2392 2738 2141 2638 2379 2509 2567 2655 2742 2476 2516 2326 2481 2413 2350 2026 2655 2743 2482 2728 2025 2253 2275 2308 2507 2955 2356 2632 2369 2541 2479 2204 2330 2345 2376 2444 2533 2219 2539 2447 2847 2347 2591 2252 2478 2294 2490 2550 2752 2311 2467 2482 2627 2288 2332 2422 2672 2583 2706 2611 2313 2395 2262 2536 2182 2538 2373 2206 2429 2452 2395 2370 2445 2393 2251 2551 2499 2551 2607 2524 2347 2499
 2604 2883 2643 2542 2583 2459 2787 3038 2539 2627 2773 2614 2643 2809 2546 2492 2821 2699 2425 2895 2383 2485 2485 2619 3144 2830 2913 2795 2728 2573 2585 2383 2705 2318 2802 2844 2788 2752 2476 2428 2431 2410 2856 3111 2351 2781 2415 2693 2551 2526 2514 2460 2810 2754 2828 2734 2467 2515 2609 2783 2613 2328 2623 2683 2600 2788 2855 2450 2673 2865 2588 2467 2486 2394 2794 2732 2932 2894 2527 2580 2497 2523 2422 2683 2524 2227 2623 2632 2591 2367 2612 2582 2354 2434 2548 2585 2693 2647 2775 2651
 2707 2880 2672 2818 2623 2742 3029 2996 2724 2901 2966 2427 2899 2803 2596 2737 2897 2880 2541 3016 2540 2764 2384 2962 2972 2789 2958 2885 2783 2682 2548 2654 3027 2276 3021 2904 2795 2860 2519 2816 2627 2558 2893 3372 2468 2872 2583 2873 2598 2830 2612 2522 2838 2784 2796 2751 2637 2782 2920 2870 2847 2520 2865 2614 2594 2911 2923 2540 2785 2776 2547 2441 2815 2616 3123 2717 2893 2732 2677 2670 2720 2707 2450 2684 2446 2554 2576 2818 2622 2368 2698 2632 2567 2727 2473 2702 2748 2721 2722 2823
 2240 2677 2256 2470 2301 2449 2507 2542 2267 2335 2496 2185 2513 2307 2468 2411 2586 2552 2159 2653 2230 2569 2203 2788 2569 2663 2670 2535 2476 2224 2467 2223 2377 2106 2565 2301 2309 2622 2126 2268 2330 2271 2580 2895 2334 2467 2172 2590 2432 2481 2216 2441 2442 2347 2380 2435 2287 2481 2790 2329 2413 2259 2614 2557 2398 2443 2714 2111 2490 2438 2317 2378 2284 2406 2626 2314 2593 2407 2296 2319 2307 2368 2261 2412 2096 2294 2303 2357 2545 2256 2308 2493 2230 2522 2285 2274 2629 2253 2469 2531
 2406 2413 2421 2421 2485 2176 2971 2694 2582 2474 2718 2545 2611 2567 2575 2461 2520 2699 2225 2654 2361 2304 2286 2608 2811 2598 2778 2644 2453 2407 2764 2270 2615 2092 2657 2528 2667 2757 2241 2359 2441 2290 2627 3062 2370 2499 2202 2691 2508 2225 2301 2388 2757 2366 2577 2579 2344 2371 2845 2368 2404 2353 2571 2395 2494 2642 2601 2230 2503 2540 2478 2251 2286 2313 2747 2496 2758 2610 2534 2437 2522 2369 2360 2558 2284 2412 2539 2547 2386 2389 2464 2338 2360 2362 2335 2515 2725 2586 2525 2480
 2556 2668 2896 2865 2463 2466 2948 2923 2919 3032 2921 2697 2851 2787 2798 2691 2935 2866 2435 2985 2527 2737 2590 2701 3154 2868 2966 2798 2817 2808 2682 2596 2896 2303 2862 2842 2822 2962 2372 2688 2536 2522 2950 3171 2570 2795 2487 2880 2678 2582 2548 2646 2808 2842 2878 2828 2566 2815 2943 2612 2808 2448 2627 2726 2542 2790 3184 2554 2776 2761 2695 2581 2677 2562 3146 2623 2946 2908 2524 2774 2899 2722 2521 2847 2662 2305 2537 2699 2636 2531 2436 2536 2453 2732 2431 2679 3019 2693 2786 2729
 2581 3102 2684 2735 2739 2701 3029 2846 2580 2783 2850 2584 2974 3027 2744 2754 2851 2692 2622 3149 2600 2600 2576 2883 3143 2912 2970 2763 2817 2787 2763 2699 2755 2335 3066 3004 2879 2796 2689 2612 2538 2553 3024 3225 2458 3054 2527 3016 2871 2554 2365 2818 2783 2936 3021 2634 2548 2764 2766 3020 2765 2453 2761 2691 2649 2923 2950 2846 2800 2640 2768 2465 2754 2663 3094 2860 2993 2775 2542 2854 2889 2668 2400 2770 2580 2293 2618 2792 2734 2707 2648 2602 2616 2616 2655 2912 2918 2816 2878 2744
 2609 2681 2644 2646 2629 2606 2808 2790 2570 2692 2828 2539 2677 2791 2495 2553 2657 2682 2303 2788 2375 2571 2247 2845 2814 2742 2945 2768 2811 2671 2591 2548 2571 2051 2807 2630 2789 2753 2295 2423 2655 2547 2679 3048 2494 2951 2327 2734 2616 2770 2480 2546 2717 2442 2869 2517 2454 2470 3102 2628 2815 2371 2591 2525 2514 2650 2763 2489 2547 2624 2678 2265 2810 2501 2699 2722 2640 2791 2513 2526 2594 2615 2474 2620 2409 2384 2564 2591 2571 2443 2633 2564 2347 2832 2592 2762 2846 2519 2692 2698
 2480 2764 2599 2594 2528 2501 2732 2799 2391 2605 3002 2373 2676 2666 2659 2473 2636 2565 2311 2725 2224 2653 2154 2662 2858 2388 2973 2677 2681 2467 2463 2380 2732 2202 2621 2519 2666 2824 2341 2474 2426 2295 2914 2930 2487 2849 2266 2701 2638 2613 2359 2546 2708 2612 2587 2745 2443 2715 2779 2598 2720 2424 2790 2582 2472 2439 2673 2556 2523 2489 2613 2216 2522 2391 2630 2508 2749 2573 2435 2379 2585 2649 2360 2513 2332 2512 2519 2675 2655 2436 2496 2331 2275 2551 2437 2574 2876 2573 2509 2410
 2252 2581 2258 2435 2268 2269 2422 2367 2324 2568 2673 2137 2495 2583 2462 2353 2628 2320 2159 2629 2125 2523 1963 2475 2675 2415 2607 2241 2426 2298 2301 2438 2583 2003 2486 2543 2424 2538 2252 2257 2206 2265 2705 2768 2421 2738 2162 2538 2318 2453 2206 2246 2582 2412 2456 2216 2233 2431 2506 2317 2538 2195 2552 2304 2394 2363 2423 2168 2348 2248 2290 2233 2126 2302 2575 2528 2549 2427 2149 2315 2286 2192 2095 2313 2119 2153 2237 2371 2320 2281 2285 2263 2157 2340 2467 2406 2673 2470 2246 2456
 2406 2313 2320 2187 1932 2306 2352 2388 2273 2305 2065 2008 2151 2258 2152 2071 2237 2215 1991 2314 1794 2099 1978 2272 2634 2160 2420 2241 2328 2067 2056 2145 2171 1807 2473 2347 2334 2252 1973 2360 2010 2107 2522 2490 2100 2378 1987 2383 2019 2199 2010 1942 2405 2330 2506 2234 2118 2339 2313 2165 2320 1974 2276 2122 2253 2334 2346 2100 2241 2142 2138 1838 2137 2321 2443 2405 2399 2433 2100 2280 2146 1992 1970 1982 2124 2140 2057 2021 1894 1969 2015 2216 2110 2175 2193 2145 2388 2122 2236 2403
 2486 2658 2444 2480 2369 2363 2692 2729 2424 2612 2562 2285 2557 2655 2490 2402 2421 2599 2148 2853 2282 2507 2370 2578 2762 2553 2653 2500 2582 2513 2428 2204 2513 2165 2542 2501 2374 2583 2328 2431 2375 2143 2620 2908 2410 2572 2149 2754 2316 2430 2317 2400 2593 2521 2478 2463 2317 2461 2653 2595 2441 2273 2474 2478 2385 2587 2615 2364 2491 2378 2321 2143 2457 2291 2825 2473 2651 2453 2272 2323 2552 2454 2026 2381 2179 2301 2090 2276 2433 2289 2456 2585 2188 2744 2311 2400 2705 2387 2484 2361
 2300 2898 2587 2569 2652 2641 2892 2863 2675 2761 2961 2550 2700 2447 2664 2589 2846 2852 2513 3094 2293 2763 2437 2810 3030 2690 3066 2833 2555 2454 2485 2586 2695 2185 2778 2695 2728 2923 2234 2496 2533 2622 2926 3132 2281 2789 2453 2756 2704 2612 2311 2462 2626 2535 2826 2501 2569 2935 3056 2506 2824 2317 2879 2586 2557 2833 2873 2556 2753 2602 2758 2387 2708 2677 2848 2636 2883 2842 2524 2534 2713 2466 2561 2678 2590 2435 2633 2772 2441 2442 2703 2522 2520 2715 2588 2637 2893 2637 2708 2825
 2511 2741 2508 2700 2285 2493 2644 2650 2459 2595 2524 2446 2451 2748 2515 2440 2651 2491 2304 2723 2274 2560 2353 2525 2788 2525 2770 2563 2571 2243 2499 2490 2568 2133 2732 2597 2547 2843 2510 2501 2459 2205 2874 2943 2462 2863 2253 2741 2440 2503 2337 2558 2679 2671 2799 2630 2457 2670 2709 2386 2518 2243 2571 2468 2344 2636 2754 2480 2608 2568 2356 2346 2364 2613 2958 2632 2764 2536 2197 2519 2449 2338 2314 2578 2349 2299 2415 2529 2665 2331 2569 2384 2390 2681 2424 2610 2708 2472 2599 2713
 2604 2953 2740 2556 2448 2600 3004 2917 2777 2850 2801 2586 2938 2746 2661 2589 2732 2732 2385 2994 2352 2711 2693 2860 2946 2702 3003 2922 2723 2683 2623 2471 2807 2467 2874 2800 2714 2772 2499 2595 2773 2351 2863 3220 2613 3026 2224 2884 2626 2450 2554 2674 2797 2648 2875 2663 2809 2684 2769 2699 2674 2537 2830 2565 2547 2645 2729 2589 2722 2677 2470 2475 2527 2775 2992 2791 2970 2675 2328 2591 2623 2597 2511 2663 2518 2503 2473 2564 2488 2396 2657 2774 2466 2760 2564 2550 2925 2702 2665 2702
 2614 3002 2585 2413 2677 2654 2955 2927 2476 2724 2546 2336 2865 2731 2386 2547 2748 2727 2554 2914 2484 2556 2438 2646 2795 2678 2904 2479 2582 2378 2817 2443 2731 2309 2778 2511 2627 2838 2302 2533 2788 2516 2926 3056 2619 2626 2529 2803 2542 2591 2295 2601 2831 2542 2571 2535 2518 2639 2871 2456 2753 2376 2567 2290 2593 2786 2593 2444 2574 2598 2684 2585 2465 2752 2897 2931 2915 2801 2540 2622 2547 2581 2348 2607 2414 2442 2397 2537 2545 2486 2573 2569 2524 2602 2462 2751 2659 2659 2558 2669
 2660 3059 2732 2837 2636 2721 3079 2941 2734 2983 3020 2764 3045 2843 2879 2900 3160 2736 2618 3152 2457 2883 2560 2915 3171 2865 3134 2905 2827 2754 2765 2631 2954 2430 3004 3035 2927 3201 2384 2582 2598 2520 3082 3305 2599 3124 2492 3020 2963 2881 2492 2745 2960 2829 3002 2702 2622 2945 3032 2577 2914 2553 2895 2712 2726 2816 3148 2817 2962 2855 2964 2649 2690 2689 3241 2840 3127 3040 2633 2623 2794 2732 2586 2913 2597 2587 2636 2748 2794 2506 2846 2775 2502 2988 2764 2843 3183 2902 2955 2873
 2235 2377 2401 2303 2207 2317 2342 2505 2175 2488 2490 2298 2488 2536 2375 2308 2474 2283 2054 2522 2060 2161 2154 2544 2619 2428 2560 2418 2227 2389 2281 2061 2582 1985 2324 2313 2431 2284 2260 2201 2311 2128 2504 2536 2262 2469 1991 2570 2190 2139 2171 2298 2529 2370 2487 2212 2356 2449 2414 2249 2429 1999 2332 2233 2291 2211 2432 2303 2338 2322 2143 2189 2175 2172 2403 2224 2606 2394 2207 2111 2285 2393 1893 2271 2102 2097 2013 2352 2168 2206 2092 2212 2059 2449 2079 2353 2501 2285 2512 2243
 2462 2640 2591 2748 2687 2489 2945 2741 2578 2991 2679 2443 2611 2684 2691 2763 2806 2696 2541 2872 2511 2654 2456 2721 3149 2760 2956 2810 2798 2622 2716 2609 2754 2190 2859 2677 2644 2847 2489 2701 2461 2486 3033 3117 2628 2773 2470 2788 2559 2572 2495 2668 3063 2756 2925 2674 2514 2763 2757 2733 2817 2333 2791 2651 2536 2667 2808 2519 2690 2576 2756 2431 2313 2806 2952 2661 2763 2723 2512 2753 2526 2652 2414 2266 2543 2431 2362 2549 2550 2594 2521 2516 2559 2673 2485 2753 2791 2656 2723 2705
 2138 2454 2131 2242 2322 2287 2438 2367 2088 2141 2362 2264 2544 2326 2292 2126 2340 2156 2169 2367 1910 2296 1970 2251 2325 2230 2520 2170 2214 2218 2328 2107 2305 1852 2172 2222 2266 2500 1969 1955 2201 2099 2344 2679 2228 2328 2007 2459 2282 2068 1922 2175 2182 2111 2268 1842 2411 2185 2439 2029 2416 2165 2255 2061 2235 2291 2338 2072 2328 2177 2412 1896 2195 1996 2431 2286 2544 2400 2103 2120 2272 2235 1970 2286 1920 2124 2050 2259 2175 2128 2228 2033 2082 2169 2082 2350 2355 2241 2329 2289
 2535 2530 2485 2433 2348 2252 2722 2642 2499 2630 2731 2367 2539 2786 2452 2371 2416 2652 2328 2788 2260 2405 2259 2658 2669 2555 2772 2410 2389 2515 2561 2431 2569 2051 2663 2653 2550 2465 2196 2544 2443 2216 2570 2847 2322 2700 2115 2768 2500 2255 2355 2474 2638 2626 2662 2356 2302 2512 2823 2429 2498 2293 2573 2211 2241 2585 2407 2510 2564 2525 2280 2256 2252 2469 2829 2432 2591 2600 2401 2511 2419 2417 2240 2696 2272 2177 2506 2613 2465 2349 2483 2536 2506 2651 2354 2695 2544 2535 2296 2332
 2573 2745 2755 2753 2292 2701 2665 2837 2467 2442 2531 2409 2778 2770 2456 2558 2641 2695 2190 2827 2388 2550 2187 2424 2746 2683 2950 2643 2753 2654 2587 2316 2708 2284 2655 2468 2571 2830 2328 2529 2462 2413 2758 2831 2599 2529 2379 2666 2562 2616 2208 2500 2426 2622 2648 2605 2320 2667 2762 2437 2670 2405 2612 2577 2614 2661 2981 2372 2519 2593 2682 2217 2581 2455 2726 2684 2773 2740 2418 2462 2452 2580 2409 2648 2259 2506 2394 2378 2589 2455 2554 2250 2207 2509 2555 2633 2524 2248 2699 2610
